Nodes: 30
Max Connections: 20

beami
	7	8	9	13	18	19	21	22	27	28	29
	9	18	19	21	25
	7	9	12	13	14	17	22	23
	6	7	8	9	13	18	26	27	28
	8	10	12	14	15	17	19	20	22	23	24	25	27
	6	8	9	11	14	15	16	18	20	21	22	24	26	29
	3	5	8	10	12	14	15	16	18	19	22	23	24	26	27	28
	0	2	3	9	16	18	19	21	22	26	27	28
	0	3	4	5	6	9	10	11	12	13	14	17	18	19	21	22	25	27	29
	0	1	2	3	5	7	8	10	11	13	14	15	17	18	20	23	24	25	26	29
	4	6	8	9	11	16	20	24	25	26	27	28	29
	5	8	9	10	14	16	17	26	27	29
	2	4	6	8	14	16	17	22	24	25	27
	0	2	3	8	9	15	20	21	23	25	27
	2	4	5	6	8	9	11	12	15	23	24	25	26	29
	4	5	6	9	13	14	18	24	27	28	29
	5	6	7	10	11	12	19	22	25	29
	2	4	8	9	11	12	19	23	27
	0	1	3	5	6	7	8	9	15	19	20	22	23	24
	0	1	4	6	7	8	16	17	18	20	24	26	27	28
	4	5	9	10	13	18	19	23	24	25	26	28	29
	0	1	5	7	8	13	22	26	28	29
	0	2	4	5	6	7	8	12	16	18	21	26	27
	2	4	6	9	13	14	17	18	20	26	27
	4	5	6	9	10	12	14	15	18	19	20	25	26	27	28
	1	4	8	9	10	12	13	14	16	20	24
	3	5	6	7	9	10	11	14	19	20	21	22	23	24	28
	0	3	4	6	7	8	10	11	12	13	15	17	19	22	23	24	28
	0	3	6	7	10	15	19	20	21	24	26	27
	0	5	8	9	10	11	14	15	16	20	21

beamk
	4000.000	4000.000	4000.000	4000.000	4000.000	4000.000	4000.000	4000.000	4000.000	4000.000	4000.000
	4000.000	4000.000	4000.000	4000.000	4000.000
	4000.000	4000.000	4000.000	4000.000	4000.000	4000.000	4000.000	4000.000
	4000.000	4000.000	4000.000	4000.000	4000.000	4000.000	4000.000	4000.000	4000.000
	4000.000	4000.000	4000.000	4000.000	4000.000	4000.000	4000.000	4000.000	4000.000	4000.000	4000.000	4000.000	4000.000
	4000.000	4000.000	4000.000	4000.000	4000.000	4000.000	4000.000	4000.000	4000.000	4000.000	4000.000	4000.000	4000.000	4000.000
	4000.000	4000.000	98.225	67.604	55.246	113.681	63.278	142.816	97.201	120.229	138.533	89.504	53.837	68.601	132.282	145.559
	4000.000	4000.000	4000.000	60.089	52.093	148.396	52.233	71.904	54.186	138.121	130.596	125.219
	4000.000	4000.000	4000.000	4000.000	98.225	149.265	140.877	100.565	103.869	125.773	129.959	60.672	85.857	104.429	119.218	123.688	70.747	148.066	67.508
	4000.000	4000.000	4000.000	4000.000	4000.000	60.089	149.265	147.212	115.037	76.229	143.431	109.897	118.700	139.447	86.277	106.271	95.805	105.403	131.632	111.106
	4000.000	67.604	140.877	147.212	91.111	114.273	80.730	124.158	141.849	96.639	57.745	98.856	96.524
	4000.000	100.565	115.037	91.111	96.937	50.697	104.099	108.541	114.758	112.202
	4000.000	4000.000	55.246	103.869	137.615	97.765	117.281	112.017	95.333	121.216	96.375
	4000.000	4000.000	4000.000	125.773	76.229	89.201	78.741	135.464	145.460	122.287	97.100
	4000.000	4000.000	4000.000	113.681	129.959	143.431	96.937	137.615	115.386	139.882	61.096	137.998	64.952	81.515
	4000.000	4000.000	63.278	109.897	89.201	115.386	102.383	77.565	123.230	88.285	59.126
	4000.000	142.816	52.093	114.273	50.697	97.765	88.512	65.515	132.066	61.117
	4000.000	4000.000	60.672	118.700	104.099	117.281	106.267	53.678	88.532
	4000.000	4000.000	4000.000	4000.000	97.201	148.396	85.857	139.447	102.383	115.365	58.180	51.232	62.349	110.692
	4000.000	4000.000	4000.000	120.229	52.233	104.429	88.512	106.267	115.365	55.262	132.138	104.757	112.937	116.898
	4000.000	4000.000	86.277	80.730	78.741	58.180	55.262	65.147	55.258	128.760	134.022	111.406	100.797
	4000.000	4000.000	4000.000	71.904	119.218	135.464	55.554	85.389	62.842	104.583
	4000.000	4000.000	4000.000	4000.000	138.533	54.186	123.688	112.017	65.515	51.232	55.554	93.119	57.156
	4000.000	4000.000	89.504	106.271	145.460	139.882	53.678	62.349	65.147	67.131	62.760
	4000.000	4000.000	53.837	95.805	124.158	95.333	61.096	77.565	110.692	132.138	55.258	78.793	108.387	53.129	103.130
	4000.000	4000.000	70.747	105.403	141.849	121.216	122.287	137.998	132.066	128.760	78.793
	4000.000	4000.000	68.601	138.121	131.632	96.639	108.541	64.952	104.757	134.022	85.389	93.119	67.131	108.387	105.780
	4000.000	4000.000	4000.000	132.282	130.596	148.066	57.745	114.758	96.375	97.100	123.230	88.532	112.937	57.156	62.760	53.129	116.950
	4000.000	4000.000	145.559	125.219	98.856	88.285	116.898	111.406	62.842	103.130	105.780	116.950
	4000.000	4000.000	67.508	111.106	96.524	112.202	81.515	59.126	61.117	100.797	104.583

beaml
	2.000	2.000	2.000	2.000	2.000	2.000	2.000	2.000	2.000	2.000	2.000
	2.000	2.000	2.000	2.000	2.000
	2.000	2.000	2.000	2.000	2.000	2.000	2.000	2.000
	2.000	2.000	2.000	2.000	2.000	2.000	2.000	2.000	2.000
	2.000	2.000	2.000	2.000	2.000	2.000	2.000	2.000	2.000	2.000	2.000	2.000	2.000
	2.000	2.000	2.000	2.000	2.000	2.000	2.000	2.000	2.000	2.000	2.000	2.000	2.000	2.000
	2.000	2.000	0.580	0.586	0.650	0.744	0.531	0.641	0.700	0.583	0.458	0.608	0.462	0.303	0.247	0.578
	2.000	2.000	2.000	0.755	0.553	0.558	0.220	0.232	0.279	0.277	0.779	0.503
	2.000	2.000	2.000	2.000	0.580	0.667	0.729	0.347	0.276	0.307	0.386	0.607	0.491	0.342	0.599	0.544	0.690	0.425	0.694
	2.000	2.000	2.000	2.000	2.000	0.755	0.667	0.737	0.258	0.405	0.587	0.635	0.539	0.429	0.347	0.244	0.507	0.386	0.592	0.410
	2.000	0.586	0.729	0.737	0.513	0.698	0.280	0.287	0.777	0.628	0.237	0.551	0.415
	2.000	0.347	0.258	0.513	0.527	0.317	0.737	0.355	0.552	0.231
	2.000	2.000	0.650	0.276	0.554	0.662	0.766	0.500	0.667	0.726	0.775
	2.000	2.000	2.000	0.307	0.405	0.282	0.575	0.401	0.362	0.556	0.351
	2.000	2.000	2.000	0.744	0.386	0.587	0.527	0.554	0.470	0.678	0.590	0.625	0.514	0.384
	2.000	2.000	0.531	0.635	0.282	0.470	0.666	0.484	0.653	0.285	0.490
	2.000	0.641	0.553	0.698	0.317	0.662	0.640	0.640	0.480	0.698
	2.000	2.000	0.607	0.539	0.737	0.766	0.615	0.391	0.307
	2.000	2.000	2.000	2.000	0.700	0.558	0.491	0.429	0.666	0.532	0.425	0.575	0.474	0.211
	2.000	2.000	2.000	0.583	0.220	0.342	0.640	0.615	0.532	0.648	0.736	0.380	0.605	0.612
	2.000	2.000	0.347	0.280	0.575	0.425	0.648	0.450	0.795	0.737	0.584	0.746	0.594
	2.000	2.000	2.000	0.232	0.599	0.401	0.774	0.391	0.227	0.379
	2.000	2.000	2.000	2.000	0.458	0.279	0.544	0.500	0.640	0.575	0.774	0.640	0.563
	2.000	2.000	0.608	0.244	0.362	0.678	0.391	0.474	0.450	0.425	0.353
	2.000	2.000	0.462	0.507	0.287	0.667	0.590	0.484	0.211	0.736	0.795	0.246	0.323	0.650	0.373
	2.000	2.000	0.690	0.386	0.777	0.726	0.556	0.625	0.480	0.737	0.246
	2.000	2.000	0.303	0.277	0.592	0.628	0.355	0.514	0.380	0.584	0.391	0.640	0.425	0.323	0.486
	2.000	2.000	2.000	0.247	0.779	0.425	0.237	0.552	0.775	0.351	0.653	0.307	0.605	0.563	0.353	0.650	0.788
	2.000	2.000	0.578	0.503	0.551	0.285	0.612	0.746	0.227	0.373	0.486	0.788
	2.000	2.000	0.694	0.410	0.415	0.231	0.384	0.490	0.698	0.594	0.379

fail
	F	F	F	F	F	F	F	F	F	F	F
	F	F	F	F	F
	F	F	F	F	F	F	F	F
	F	F	F	F	F	F	F	F	F
	F	F	F	F	F	F	F	F	F	F	F	F	F
	F	F	F	F	F	F	F	F	F	F	F	F	F	F
	F	F	T	T	T	T	T	T	T	F	T	T	T	T	T	T
	F	F	F	T	T	T	T	T	T	T	T	T
	F	F	F	F	T	T	T	T	T	T	T	T	T	T	T	T	T	F	T
	F	F	F	F	F	T	T	T	T	T	T	T	T	T	F	T	T	T	T	F
	F	T	T	T	T	F	T	T	T	T	T	T	T
	F	T	T	T	T	T	T	T	F	T
	F	F	T	T	F	T	T	T	F	T	F
	F	F	F	T	T	T	T	T	F	F	T
	F	F	F	T	T	T	T	F	F	T	T	T	T	T
	F	F	T	T	T	F	T	T	T	T	T
	F	T	T	F	T	T	F	T	T	T
	F	F	T	T	T	T	T	T	T
	F	F	F	F	T	T	T	T	T	T	F	T	T	T
	F	F	F	F	T	T	F	T	T	T	T	F	T	F
	F	F	F	T	T	F	T	F	F	T	F	F	T
	F	F	F	T	T	T	T	F	T	T
	F	F	F	F	T	T	T	T	T	T	T	T	T
	F	F	T	T	F	T	T	T	F	T	F
	F	F	T	T	T	F	T	T	T	T	F	T	T	T	T
	F	F	T	T	T	T	F	T	T	T	T
	F	F	T	T	T	T	T	T	F	F	F	T	T	T	T
	F	F	F	T	T	F	T	F	F	T	T	T	T	T	F	T	T
	F	F	T	T	T	T	F	F	T	T	T	T
	F	F	T	F	T	T	T	T	T	T	T
