Nodes: 30
Max Connections: 20

beami
	16	17	11	13	19	20	21	7	26	15	23
	9	10	12	13	19	6	27	23	20
	18	6	10	23	24	8	9	17	16	26	20	7
	7	24	16	18	28	21
	21	26	15	18	22	10	8	12	6	23
	6	20	19	29	16	11
	1	15	16	28	2	5	7	23	23	24	7	10	8	23	22	20
	9	19	3	6	23	25	27	8	2	23	20	19	0	9	27	6	21
	9	13	29	18	21	23	14	2	18	29	4	7
	1	8	18	20	25	7	23	24	24	14	23	22	21	20	26	18
	27	1	2	11	14	25	28	23	11	27	12	28	26	19	14
	0	10	21	3	4	12	16	17	23	20	8
	1	13	17	16	23	13	3	22	6	7	29	17	2	10	20
	0	1	8	12	27	14	20	15	8	21	23	14	27	22	12	29	12	26	14
	10	13	25	4	26	20	10	9	13	21
	4	25	6	29	20	8	7	6	25	13	1	2
	0	19	6	27	29	24	11	7	19	25	3	29	10	28	6
	0	28	29	12	22	19	28	14	28	15	27	8	22	20	16
	2	8	23	27	9	6	9	10	27	4	7	27	1	23	11	20	19	14
	0	7	16	23	24	25	1	5	7	27	13	16	23
	5	0	9	13	15	17	6	22
	0	4	8	11	24	26	11	1	3	2	26	14	6
	17	23	4	23	21	9	3	28	14
	2	6	7	9	19	8	18	22	25	7	11	7	9	4	10	6	13	27	8	3	2
	2	3	21	27	9	19	23	4	27	9	19	21	16
	9	14	19	23	7	10	15	29	24	13	22	14	15	6	1	14	7	8
	29	4	21	3	10	27	6
	7	10	13	24	16	18	10	4	21	11	13	23	7
	6	10	17	29	17	17	22	3	7	13	6	6	21
	8	15	17	26	28	16	25	15	25	15

beamk
	4000.000	4000.000	4000.000	4000.000	4000.000	4000.000	4000.000	4000.000	4000.000	4000.000	4000.000
	4000.000	4000.000	4000.000	4000.000	4000.000	4000.000	4000.000	4000.000	4000.000
	4000.000	4000.000	4000.000	4000.000	4000.000	4000.000	4000.000	4000.000	4000.000	4000.000	4000.000	4053.706
	4000.000	4000.000	4000.000	4000.000	4000.000	4000.000
	4000.000	4000.000	4000.000	4000.000	4000.000	4000.000	4000.000	4000.000	4000.000	4000.000
	4000.000	4000.000	4000.000	4000.000	4000.000	4000.000
	4000.000	122.261	86.826	131.484	4000.000	4000.000	102.086	91.463	117.441	71.663	51.415	132.951	137.728	91.463	50.689	147.518
	146.106	66.520	4000.000	102.086	57.701	136.744	121.493	83.391	3439.086	57.701	114.229	136.045	4000.000	146.106	121.493	102.086	56.346
	139.151	137.627	138.602	125.231	115.525	108.254	131.870	4000.000	125.231	89.786	4000.000	83.391
	4000.000	139.151	66.331	97.190	52.132	58.443	111.160	50.945	100.132	124.482	111.160	143.598	125.708	63.923	106.519	66.331
	77.563	4000.000	4000.000	97.505	121.550	76.383	106.262	129.520	115.294	56.487	93.920	106.262	92.576	60.915	121.550
	4000.000	115.294	70.237	4000.000	4000.000	103.155	125.433	54.212	120.550	98.262	104.122
	4000.000	97.832	128.049	124.000	65.448	66.891	4000.000	53.518	61.257	145.725	50.984	92.680	4000.000	93.920	110.028
	4000.000	4000.000	137.627	97.832	118.001	133.647	86.157	116.085	137.627	74.721	75.639	142.085	74.025	71.389	66.891	56.693	97.832	135.658	133.647
	121.550	133.647	109.824	4000.000	96.193	84.266	121.550	124.482	133.647	75.278
	4000.000	63.148	134.245	88.681	62.158	131.198	103.423	134.245	63.148	116.085	4000.000	4000.000
	4000.000	143.245	127.460	58.339	125.191	122.290	125.433	56.935	143.245	61.194	4000.000	125.191	95.602	121.621	86.826
	4000.000	78.256	130.323	92.680	129.063	69.308	78.256	104.341	83.239	148.323	93.707	112.227	119.926	128.278	118.459
	4000.000	65.136	147.479	56.916	120.225	63.996	66.331	67.746	134.626	4000.000	99.211	56.916	4000.000	148.481	138.005	98.416	80.376	127.338
	4000.000	66.520	143.245	114.647	116.195	89.362	4000.000	4000.000	136.045	60.495	115.511	56.850	114.647
	4000.000	4000.000	63.923	86.157	62.158	128.278	147.518	60.983
	4000.000	4000.000	104.250	55.963	86.081	83.238	64.719	4000.000	4000.000	4000.000	83.238	75.278	53.815
	129.063	103.888	4000.000	103.888	85.869	143.598	4000.000	82.037	134.363
	4000.000	117.441	56.873	135.758	114.647	108.254	148.481	103.888	117.216	56.873	120.550	57.701	111.160	4000.000	129.520	91.463	75.639	140.209	86.915	4000.000	4000.000
	4000.000	4000.000	142.245	50.774	50.945	106.321	56.640	4000.000	50.774	50.945	116.195	142.245	122.290
	52.132	127.337	89.362	124.577	136.744	76.383	133.633	101.525	145.037	101.147	114.277	109.824	133.633	117.560	4000.000	127.337	136.744	114.877
	71.979	4000.000	83.238	4000.000	92.576	116.218	103.267
	98.634	77.563	118.001	50.774	58.339	134.626	56.487	4000.000	58.498	136.123	74.025	140.209	98.634
	131.484	106.262	83.239	114.642	83.239	78.256	82.037	4000.000	91.641	123.609	131.484	68.788	125.963
	138.602	142.510	130.323	71.979	52.785	125.191	101.525	88.681	101.525	142.510

beaml
	2.000	2.000	2.000	2.000	2.000	2.000	2.000	2.000	2.000	2.000	2.000
	2.000	2.000	2.000	2.000	2.000	2.000	2.000	2.000	2.000
	2.000	2.000	2.000	2.000	2.000	2.000	2.000	2.000	2.000	2.000	2.000	1.982
	2.000	2.000	2.000	2.000	2.000	2.000
	2.000	2.000	2.000	2.000	2.000	2.000	2.000	2.000	2.000	2.000
	2.000	2.000	2.000	2.000	2.000	2.000
	2.000	0.578	0.774	0.282	2.000	2.000	0.465	0.200	0.381	0.552	0.475	0.320	0.398	0.200	0.612	0.213
	0.220	0.518	2.000	0.465	0.632	0.673	0.514	0.339	2.097	0.632	0.735	0.356	2.000	0.220	0.514	0.465	0.758
	0.426	0.646	0.512	0.205	0.432	0.425	0.226	2.000	0.205	0.517	2.000	0.339
	2.000	0.426	0.247	0.547	0.296	0.550	0.615	0.332	0.369	0.789	0.615	0.724	0.768	0.404	0.343	0.247
	0.755	2.000	2.000	0.553	0.659	0.646	0.323	0.606	0.751	0.493	0.211	0.323	0.428	0.373	0.659
	2.000	0.751	0.444	2.000	2.000	0.438	0.654	0.623	0.415	0.793	0.485
	2.000	0.367	0.778	0.545	0.226	0.373	2.000	0.379	0.507	0.729	0.708	0.394	2.000	0.211	0.241
	2.000	2.000	0.646	0.367	0.300	0.784	0.370	0.571	0.646	0.785	0.597	0.226	0.582	0.480	0.373	0.649	0.367	0.369	0.784
	0.659	0.784	0.413	2.000	0.256	0.496	0.659	0.789	0.784	0.245
	2.000	0.747	0.395	0.743	0.633	0.217	0.714	0.395	0.747	0.571	2.000	2.000
	2.000	0.409	0.328	0.703	0.721	0.642	0.654	0.472	0.409	0.289	2.000	0.721	0.775	0.352	0.774
	2.000	0.689	0.322	0.394	0.252	0.628	0.689	0.235	0.758	0.356	0.408	0.407	0.201	0.264	0.420
	2.000	0.750	0.778	0.592	0.216	0.521	0.247	0.486	0.469	2.000	0.707	0.592	2.000	0.466	0.224	0.264	0.369	0.643
	2.000	0.518	0.409	0.280	0.762	0.796	2.000	2.000	0.356	0.587	0.361	0.368	0.280
	2.000	2.000	0.404	0.370	0.633	0.264	0.213	0.648
	2.000	2.000	0.253	0.305	0.613	0.549	0.345	2.000	2.000	2.000	0.549	0.245	0.223
	0.252	0.347	2.000	0.347	0.588	0.724	2.000	0.572	0.277
	2.000	0.381	0.315	0.288	0.280	0.425	0.466	0.347	0.392	0.315	0.415	0.632	0.615	2.000	0.606	0.200	0.597	0.594	0.273	2.000	2.000
	2.000	2.000	0.405	0.548	0.332	0.578	0.714	2.000	0.548	0.332	0.762	0.405	0.642
	0.296	0.304	0.796	0.733	0.673	0.646	0.311	0.306	0.602	0.605	0.340	0.413	0.311	0.416	2.000	0.304	0.673	0.637
	0.737	2.000	0.549	2.000	0.428	0.278	0.269
	0.473	0.755	0.300	0.548	0.703	0.469	0.493	2.000	0.738	0.556	0.582	0.594	0.473
	0.282	0.323	0.758	0.604	0.758	0.689	0.572	2.000	0.587	0.253	0.282	0.257	0.674
	0.512	0.608	0.322	0.737	0.341	0.721	0.306	0.743	0.306	0.608

fail
	F	F	F	F	F	F	F	F	T	F	F
	F	F	F	F	F	F	T	F	F
	F	F	F	F	F	F	F	F	F	F	T	F
	F	F	F	F	F	F
	F	F	F	F	F	T	F	F	F	F
	F	F	F	F	T	F
	F	T	T	T	F	F	F	F	T	T	F	F	T	F	T	T
	T	T	F	F	T	F	F	T	F	T	T	T	F	T	F	F	T
	F	T	T	T	T	T	T	F	T	T	F	T
	F	F	T	T	T	T	F	T	T	T	F	T	T	F	T	T
	F	F	F	F	F	T	T	T	T	T	F	T	T	F	F
	F	T	T	F	F	T	T	T	T	T	T
	F	T	T	T	T	T	F	T	T	T	T	F	F	F	F
	F	F	T	T	T	T	F	F	T	T	F	T	T	T	T	T	T	T	T
	F	T	F	F	T	T	F	T	T	T
	F	T	T	T	T	T	T	T	T	F	F	F
	F	T	T	T	T	T	T	T	T	T	F	T	F	T	T
	F	T	T	F	F	T	T	T	T	T	F	T	T	T	T
	F	T	T	T	T	T	T	T	T	F	T	T	F	F	T	T	T	T
	F	T	T	T	T	T	F	F	T	T	F	T	T
	F	F	F	F	T	T	T	T
	F	F	T	T	T	T	T	F	F	F	T	T	T
	F	T	F	T	T	T	F	F	T
	F	T	T	T	T	T	F	T	T	T	T	T	F	F	T	F	F	T	T	F	F
	F	F	F	T	T	T	T	F	T	T	T	F	T
	T	T	T	T	F	T	T	T	T	T	T	F	T	T	F	T	F	T
	T	F	T	F	T	T	T
	F	F	T	T	T	T	T	F	T	T	T	T	F
	T	T	T	T	T	T	F	F	F	T	T	T	T
	T	T	T	T	T	T	T	T	T	T
