Nodes: 30
Max Connections: 20

beami
	6	9	10	12	14	18	19	20	21	24	27
	6	8	9	10	11	13	15	16	17	18	20	21	23	24	26	28	29
	6	7	10	12	19	20	26	28	29
	6	7	9	13	14	17	19	21	22	24	26	27	29
	8	9	11	12	15	16	17	18	20	22	23	24	25	27	28
	7	9	12	14	15	19	20	21	25	26	27
	0	1	2	3	9	11	13	15	16	17	18	19	20	21	22	23	24	26	27	29
	2	3	5	10	13	15	16	17	20	24	25	27	28	29
	1	4	9	10	11	12	14	18	19	20	21	23	24	25	28
	0	1	3	4	5	6	8	11	12	14	15	16	18	23	24	25	28
	0	1	2	7	8	11	12	13	14	16	17	20	23	24	26	28	29
	1	4	6	8	9	10	12	13	14	15	19	21	22	23	26	28	29
	0	2	4	5	8	9	10	11	13	14	16	17	19	21	23	24	26	27	29
	1	3	6	7	10	11	12	15	16	18	19	20	22	23	24	25	27
	0	3	5	8	9	10	11	12	17	19	22	23	26	28
	1	4	5	6	7	9	11	13	16	18	19	20	22	24	26
	1	4	6	7	9	10	12	13	15	18	20	22	23	24	26
	1	3	4	6	7	10	12	14	20	21	23
	0	1	4	6	8	9	13	15	16	19	20	21	22	23	24	27	28	29
	0	2	3	5	6	8	11	12	13	14	15	18	20	21	22	23	27
	0	1	2	4	5	6	7	8	10	13	15	16	17	18	19	22	23	24
	0	1	3	5	6	8	11	12	17	18	19	24	26	27	29
	3	4	6	11	13	14	15	16	18	19	20	23	24	25
	1	4	6	8	9	10	11	12	13	14	16	17	18	19	20	22	27	29
	0	1	3	4	6	7	8	9	10	12	13	15	16	18	20	21	22	26	27	28
	4	5	7	8	9	13	22	28	29
	1	2	3	5	6	10	11	12	14	15	16	21	24	29
	0	3	4	5	6	7	12	13	18	19	21	23	24	29
	1	2	4	7	8	9	10	11	14	18	24	25
	1	2	3	6	7	10	11	12	18	21	23	25	26	27

beamk
	4000.000	4000.000	4000.000	4000.000	4000.000	4000.000	4000.000	4000.000	4000.000	4000.000	4000.000
	4000.000	4000.000	4000.000	4000.000	4000.000	4000.000	4000.000	4000.000	4000.000	4000.000	4000.000	4000.000	4000.000	4000.000	4000.000	4000.000	4000.000
	4000.000	4000.000	4000.000	4000.000	4000.000	4000.000	4000.000	4000.000	4000.000
	4000.000	4000.000	4000.000	4000.000	4000.000	4000.000	4000.000	4000.000	4000.000	4000.000	4000.000	4000.000	4000.000
	4000.000	4000.000	4000.000	4000.000	4000.000	4000.000	4000.000	4000.000	4000.000	4000.000	4000.000	4000.000	4000.000	4000.000	4000.000
	4000.000	4000.000	4000.000	4000.000	4000.000	4000.000	4000.000	4000.000	4000.000	4000.000	4000.000
	4000.000	4000.000	4000.000	4000.000	74.782	137.675	116.361	101.688	83.959	132.004	92.840	135.784	128.654	137.285	91.206	91.651	58.012	81.305	115.263	82.328
	4000.000	4000.000	4000.000	125.891	136.627	133.037	74.688	82.701	111.998	81.159	79.173	117.144	103.771	107.172
	4000.000	4000.000	115.023	139.751	133.996	95.994	86.026	148.270	115.414	69.185	126.357	63.307	78.642	54.352	55.946
	4000.000	4000.000	4000.000	4000.000	4000.000	74.782	115.023	134.035	98.775	93.801	140.471	135.120	89.055	119.706	129.143	136.459	142.315
	4000.000	4000.000	4000.000	125.891	139.751	103.232	69.775	77.698	116.753	59.873	129.579	110.668	87.864	76.887	55.955	50.978	117.731
	4000.000	4000.000	137.675	133.996	134.035	103.232	138.666	74.905	132.393	93.061	87.248	63.143	136.423	137.401	65.461	118.703	101.096
	4000.000	4000.000	4000.000	4000.000	95.994	98.775	69.775	138.666	144.157	138.154	61.304	74.448	69.694	141.249	147.203	115.906	51.838	144.137	131.333
	4000.000	4000.000	116.361	136.627	77.698	74.905	144.157	116.734	81.321	140.699	94.103	91.306	67.930	69.767	63.904	109.707	68.864
	4000.000	4000.000	4000.000	86.026	93.801	116.753	132.393	138.154	143.597	75.598	70.755	94.396	133.142	142.201
	4000.000	4000.000	4000.000	101.688	133.037	140.471	93.061	116.734	103.923	98.828	80.322	105.920	104.888	96.202	78.971
	4000.000	4000.000	83.959	74.688	135.120	59.873	61.304	81.321	103.923	109.252	105.801	145.425	71.389	52.441	122.120
	4000.000	4000.000	4000.000	132.004	82.701	129.579	74.448	143.597	87.655	65.112	147.934
	4000.000	4000.000	4000.000	92.840	148.270	89.055	140.699	98.828	109.252	55.197	57.637	61.885	112.334	64.733	102.387	98.545	101.998	71.564
	4000.000	4000.000	4000.000	4000.000	135.784	115.414	87.248	69.694	94.103	75.598	80.322	55.197	137.563	55.917	149.450	115.103	77.550
	4000.000	4000.000	4000.000	4000.000	4000.000	128.654	111.998	69.185	110.668	91.306	105.920	105.801	87.655	57.637	137.563	142.660	82.582	110.885
	4000.000	4000.000	4000.000	4000.000	137.285	126.357	63.143	141.249	65.112	61.885	55.917	133.516	120.256	90.901	81.427
	4000.000	4000.000	91.206	136.423	67.930	70.755	104.888	145.425	112.334	149.450	142.660	115.211	120.125	55.606
	4000.000	4000.000	91.651	63.307	119.706	87.864	137.401	147.203	69.767	94.396	71.389	147.934	64.733	115.103	82.582	115.211	139.668	136.469
	4000.000	4000.000	4000.000	4000.000	58.012	81.159	78.642	129.143	76.887	115.906	63.904	96.202	52.441	102.387	110.885	133.516	120.125	117.420	64.425	79.909
	4000.000	4000.000	79.173	54.352	136.459	109.707	55.606	50.418	61.534
	4000.000	4000.000	4000.000	4000.000	81.305	55.955	65.461	51.838	133.142	78.971	122.120	120.256	117.420	113.697
	4000.000	4000.000	4000.000	4000.000	115.263	117.144	144.137	68.864	98.545	77.550	90.901	139.668	64.425	109.733
	4000.000	4000.000	4000.000	103.771	55.946	142.315	50.978	118.703	142.201	101.998	79.909	50.418
	4000.000	4000.000	4000.000	82.328	107.172	117.731	101.096	131.333	71.564	81.427	136.469	61.534	113.697	109.733

beaml
	2.000	2.000	2.000	2.000	2.000	2.000	2.000	2.000	2.000	2.000	2.000
	2.000	2.000	2.000	2.000	2.000	2.000	2.000	2.000	2.000	2.000	2.000	2.000	2.000	2.000	2.000	2.000	2.000
	2.000	2.000	2.000	2.000	2.000	2.000	2.000	2.000	2.000
	2.000	2.000	2.000	2.000	2.000	2.000	2.000	2.000	2.000	2.000	2.000	2.000	2.000
	2.000	2.000	2.000	2.000	2.000	2.000	2.000	2.000	2.000	2.000	2.000	2.000	2.000	2.000	2.000
	2.000	2.000	2.000	2.000	2.000	2.000	2.000	2.000	2.000	2.000	2.000
	2.000	2.000	2.000	2.000	0.781	0.203	0.402	0.789	0.614	0.773	0.594	0.696	0.418	0.567	0.590	0.476	0.678	0.607	0.421	0.769
	2.000	2.000	2.000	0.684	0.451	0.458	0.734	0.612	0.760	0.571	0.202	0.398	0.649	0.548
	2.000	2.000	0.696	0.292	0.654	0.614	0.701	0.588	0.787	0.636	0.384	0.390	0.425	0.459	0.257
	2.000	2.000	2.000	2.000	2.000	0.781	0.696	0.723	0.212	0.741	0.599	0.248	0.752	0.271	0.258	0.762	0.578
	2.000	2.000	2.000	0.684	0.292	0.250	0.550	0.330	0.281	0.682	0.753	0.471	0.460	0.676	0.640	0.291	0.373
	2.000	2.000	0.203	0.654	0.723	0.250	0.432	0.309	0.662	0.333	0.558	0.792	0.754	0.245	0.463	0.759	0.621
	2.000	2.000	2.000	2.000	0.614	0.212	0.550	0.432	0.754	0.510	0.372	0.364	0.229	0.520	0.431	0.390	0.726	0.297	0.348
	2.000	2.000	0.402	0.451	0.330	0.309	0.754	0.689	0.755	0.706	0.487	0.718	0.342	0.268	0.365	0.253	0.357
	2.000	2.000	2.000	0.701	0.741	0.281	0.662	0.510	0.689	0.472	0.645	0.790	0.700	0.367
	2.000	2.000	2.000	0.789	0.458	0.599	0.333	0.689	0.548	0.683	0.668	0.340	0.211	0.772	0.540
	2.000	2.000	0.614	0.734	0.248	0.682	0.372	0.755	0.548	0.731	0.743	0.779	0.514	0.651	0.782
	2.000	2.000	2.000	0.773	0.612	0.753	0.364	0.689	0.762	0.313	0.221
	2.000	2.000	2.000	0.594	0.588	0.752	0.706	0.683	0.731	0.310	0.761	0.594	0.398	0.376	0.339	0.627	0.383	0.358
	2.000	2.000	2.000	2.000	0.696	0.787	0.558	0.229	0.487	0.472	0.668	0.310	0.419	0.707	0.350	0.575	0.237
	2.000	2.000	2.000	2.000	2.000	0.418	0.760	0.636	0.471	0.718	0.340	0.743	0.762	0.761	0.419	0.302	0.614	0.744
	2.000	2.000	2.000	2.000	0.567	0.384	0.792	0.520	0.313	0.594	0.707	0.246	0.507	0.591	0.350
	2.000	2.000	0.590	0.754	0.342	0.645	0.211	0.779	0.398	0.350	0.302	0.306	0.501	0.267
	2.000	2.000	0.476	0.390	0.271	0.460	0.245	0.431	0.268	0.790	0.514	0.221	0.376	0.575	0.614	0.306	0.427	0.359
	2.000	2.000	2.000	2.000	0.678	0.571	0.425	0.258	0.676	0.390	0.365	0.772	0.651	0.339	0.744	0.246	0.501	0.549	0.737	0.529
	2.000	2.000	0.202	0.459	0.762	0.253	0.267	0.584	0.536
	2.000	2.000	2.000	2.000	0.607	0.640	0.463	0.726	0.700	0.540	0.782	0.507	0.549	0.620
	2.000	2.000	2.000	2.000	0.421	0.398	0.297	0.357	0.627	0.237	0.591	0.427	0.737	0.311
	2.000	2.000	2.000	0.649	0.257	0.578	0.291	0.759	0.367	0.383	0.529	0.584
	2.000	2.000	2.000	0.769	0.548	0.373	0.621	0.348	0.358	0.350	0.359	0.536	0.620	0.311

fail
	F	F	F	F	F	F	F	F	F	F	F
	F	F	F	F	F	F	F	F	F	F	F	F	F	F	F	F	F
	F	F	F	F	F	F	F	F	F
	F	F	F	F	F	F	F	F	F	F	F	F	F
	F	F	F	F	F	F	F	F	F	F	F	F	F	F	F
	F	F	F	F	F	F	F	F	F	F	F
	F	F	F	F	T	T	T	T	T	T	T	T	T	T	F	T	T	T	T	T
	F	F	F	T	T	T	T	T	T	T	T	F	T	T
	F	F	T	T	T	F	F	T	T	F	T	T	T	T	T
	F	F	F	F	F	T	T	T	T	T	T	T	T	T	T	T	T
	F	F	F	T	T	T	T	T	T	F	T	T	F	T	T	T	T
	F	F	T	T	T	T	T	T	T	T	T	T	T	T	T	T	T
	F	F	F	F	F	T	T	T	T	T	T	F	T	T	T	T	T	T	F
	F	F	T	T	T	T	T	F	T	T	T	T	T	F	T	T	T
	F	F	F	F	T	T	T	T	T	T	F	T	T	F
	F	F	F	T	T	T	T	F	T	T	T	T	T	T	T
	F	F	T	T	T	F	T	T	T	F	T	T	T	T	T
	F	F	F	T	T	T	F	T	T	T	T
	F	F	F	T	T	T	T	T	F	T	T	T	F	T	T	T	T	T
	F	F	F	F	T	T	T	T	T	T	T	T	T	T	T	T	T
	F	F	F	F	F	T	T	F	T	T	T	T	T	T	T	T	T	T
	F	F	F	F	T	T	T	T	T	T	T	T	T	T	T
	F	F	F	T	T	F	T	T	F	T	T	T	T	T
	F	F	T	T	T	F	T	T	F	T	T	T	T	T	T	T	T	T
	F	F	F	F	T	T	T	T	T	T	T	T	T	T	T	T	T	T	T	T
	F	F	T	T	T	T	T	F	T
	F	F	F	F	T	T	T	T	T	T	T	T	T	T
	F	F	F	F	T	F	T	T	T	T	T	T	T	T
	F	F	F	T	T	T	T	T	F	T	T	F
	F	F	F	T	T	T	T	F	T	T	T	T	T	T
