Nodes: 30
Max Connections: 20

beami
	6	10	11	14	17	19	20	21	24	25	28
	6	9	10	11	12	14	16	17	18	19	20	23	26	27
	7	8	9	10	11	13	17	19	23	24	25	26	27	29
	6	8	10	16	17	18	19	21	23	26	28	29
	9	10	11	13	14	16	17	20	23	25	27	29
	6	7	11	12	16	18	20	21	25
	0	1	3	5	7	9	12	15	16	17	20	21	22	23	25	28
	2	5	6	9	11	14	17	18	20	21	22	24	27	28
	2	3	9	10	11	13	16	17	19	23	29
	1	2	4	6	7	8	15	17	19	22	23	25	28
	0	1	2	3	4	8	11	14	17	18	19	20	24	25	28
	0	1	2	4	5	7	8	10	12	13	14	17	18	24	27
	1	5	6	11	14	16	18	19	22	28
	2	4	8	11	14	19	20	21	22	23	29
	0	1	4	7	10	11	12	13	16	17	19	20	21	23	24	25	28	29
	6	9	16	19	20	21	22	24
	1	3	4	5	6	8	12	14	15	18	21	26
	0	1	2	3	4	6	7	8	9	10	11	14	19	22	24	25	26
	1	3	5	7	10	11	12	16	20	21	22	24	29
	0	1	2	3	8	9	10	12	13	14	15	17	20	21	22	24	25	28	29
	0	1	4	5	6	7	10	13	14	15	18	19	21	28
	0	3	5	6	7	13	14	15	16	18	19	20	22	23	26	28	29
	6	7	9	12	13	15	17	18	19	21	23	25	26
	1	2	3	4	6	8	9	13	14	21	22	26	27	28	29
	0	2	7	10	11	14	15	17	18	19	25	28
	0	2	4	5	6	9	10	14	17	19	22	24	29
	1	2	3	16	17	21	22	23	29
	1	2	4	7	11	23	28	29
	0	3	6	7	9	10	12	14	19	20	21	23	24	27	29
	2	3	4	8	13	14	18	19	21	23	25	26	27	28

beamk
	4000.000	4000.000	4000.000	4000.000	4000.000	4000.000	4000.000	4000.000	4000.000	4000.000	4000.000
	4000.000	4000.000	4000.000	4000.000	4000.000	4000.000	4000.000	4000.000	4000.000	4000.000	4000.000	4000.000	4000.000	4000.000
	4000.000	4000.000	4000.000	4000.000	4000.000	4000.000	4000.000	4000.000	4000.000	4000.000	4000.000	4000.000	4000.000	4000.000
	4000.000	4000.000	4000.000	4000.000	4000.000	4000.000	4000.000	4000.000	4000.000	4000.000	4000.000	4000.000
	4000.000	4000.000	4000.000	4000.000	4000.000	4000.000	4000.000	4000.000	4000.000	4000.000	4000.000	4000.000
	4000.000	4000.000	4000.000	4000.000	4000.000	4000.000	4000.000	4000.000	4000.000
	4000.000	4000.000	4000.000	4000.000	84.096	103.956	112.648	95.432	88.383	130.452	137.276	107.736	141.831	91.419	62.455	109.577
	4000.000	4000.000	84.096	77.315	106.111	133.986	126.699	68.118	147.008	119.685	123.691	94.814	72.481	99.613
	4000.000	4000.000	118.236	69.272	53.826	83.195	94.209	111.919	126.655	136.189	141.597
	4000.000	4000.000	4000.000	103.956	77.315	118.236	107.155	84.127	149.548	77.932	131.165	146.633	71.414
	4000.000	4000.000	4000.000	4000.000	4000.000	69.272	103.792	60.377	143.275	109.849	93.063	127.397	112.259	71.373	89.220
	4000.000	4000.000	4000.000	4000.000	4000.000	106.111	53.826	103.792	111.990	54.170	67.746	60.385	74.910	129.914	79.710
	4000.000	4000.000	112.648	111.990	149.769	140.498	83.133	105.386	108.204	76.676
	4000.000	4000.000	83.195	54.170	132.943	133.626	83.377	115.054	96.476	54.681	60.829
	4000.000	4000.000	4000.000	133.986	60.377	67.746	149.769	132.943	98.622	81.334	126.496	59.873	124.926	133.301	125.550	107.923	91.922	140.544
	95.432	107.155	71.878	143.458	114.346	115.607	98.908	116.945
	4000.000	4000.000	4000.000	4000.000	88.383	94.209	140.498	98.622	71.878	68.483	104.818	67.357
	4000.000	4000.000	4000.000	4000.000	4000.000	130.452	126.699	111.919	84.127	143.275	60.385	81.334	79.229	88.710	87.396	105.879	67.874
	4000.000	4000.000	4000.000	68.118	109.849	74.910	83.133	68.483	102.887	143.860	120.826	63.708	114.258
	4000.000	4000.000	4000.000	4000.000	126.655	149.548	93.063	105.386	133.626	126.496	143.458	79.229	53.583	90.252	81.739	127.198	74.994	95.111	108.819
	4000.000	4000.000	4000.000	4000.000	137.276	147.008	127.397	83.377	59.873	114.346	102.887	53.583	60.809	71.682
	4000.000	4000.000	4000.000	107.736	119.685	115.054	124.926	115.607	104.818	143.860	90.252	60.809	84.848	96.863	146.888	56.128	114.947
	141.831	123.691	77.932	108.204	96.476	98.908	88.710	120.826	81.739	84.848	125.756	139.279	102.136
	4000.000	4000.000	4000.000	4000.000	91.419	136.189	131.165	54.681	133.301	96.863	125.756	67.351	131.346	128.234	128.839
	4000.000	4000.000	94.814	112.259	129.914	125.550	116.945	87.396	63.708	127.198	133.215	131.326
	4000.000	4000.000	4000.000	4000.000	62.455	146.633	71.373	107.923	105.879	74.994	139.279	133.215	138.034
	4000.000	4000.000	4000.000	67.357	67.874	146.888	102.136	67.351	118.078
	4000.000	4000.000	4000.000	72.481	79.710	131.346	55.034	63.777
	4000.000	4000.000	109.577	99.613	71.414	89.220	76.676	91.922	95.111	71.682	56.128	128.234	131.326	55.034	133.536
	4000.000	4000.000	4000.000	141.597	60.829	140.544	114.258	108.819	114.947	128.839	138.034	118.078	63.777	133.536

beaml
	2.000	2.000	2.000	2.000	2.000	2.000	2.000	2.000	2.000	2.000	2.000
	2.000	2.000	2.000	2.000	2.000	2.000	2.000	2.000	2.000	2.000	2.000	2.000	2.000	2.000
	2.000	2.000	2.000	2.000	2.000	2.000	2.000	2.000	2.000	2.000	2.000	2.000	2.000	2.000
	2.000	2.000	2.000	2.000	2.000	2.000	2.000	2.000	2.000	2.000	2.000	2.000
	2.000	2.000	2.000	2.000	2.000	2.000	2.000	2.000	2.000	2.000	2.000	2.000
	2.000	2.000	2.000	2.000	2.000	2.000	2.000	2.000	2.000
	2.000	2.000	2.000	2.000	0.752	0.401	0.561	0.320	0.336	0.523	0.343	0.725	0.677	0.401	0.722	0.224
	2.000	2.000	0.752	0.214	0.439	0.679	0.506	0.707	0.710	0.371	0.305	0.716	0.277	0.781
	2.000	2.000	0.265	0.501	0.489	0.343	0.676	0.344	0.438	0.519	0.665
	2.000	2.000	2.000	0.401	0.214	0.265	0.335	0.530	0.423	0.699	0.406	0.445	0.555
	2.000	2.000	2.000	2.000	2.000	0.501	0.474	0.263	0.248	0.407	0.484	0.287	0.643	0.623	0.509
	2.000	2.000	2.000	2.000	2.000	0.439	0.489	0.474	0.492	0.452	0.211	0.692	0.498	0.348	0.240
	2.000	2.000	0.561	0.492	0.637	0.730	0.210	0.359	0.261	0.222
	2.000	2.000	0.343	0.452	0.322	0.451	0.650	0.382	0.692	0.753	0.594
	2.000	2.000	2.000	0.679	0.263	0.211	0.637	0.322	0.798	0.757	0.775	0.625	0.208	0.298	0.288	0.793	0.589	0.588
	0.320	0.335	0.545	0.252	0.543	0.416	0.514	0.683
	2.000	2.000	2.000	2.000	0.336	0.676	0.730	0.798	0.545	0.735	0.557	0.446
	2.000	2.000	2.000	2.000	2.000	0.523	0.506	0.344	0.530	0.248	0.692	0.757	0.547	0.572	0.762	0.697	0.763
	2.000	2.000	2.000	0.707	0.407	0.498	0.210	0.735	0.277	0.586	0.535	0.314	0.773
	2.000	2.000	2.000	2.000	0.438	0.423	0.484	0.359	0.451	0.775	0.252	0.547	0.509	0.616	0.481	0.434	0.397	0.310	0.424
	2.000	2.000	2.000	2.000	0.343	0.710	0.287	0.650	0.625	0.543	0.277	0.509	0.770	0.219
	2.000	2.000	2.000	0.725	0.371	0.382	0.208	0.416	0.557	0.586	0.616	0.770	0.328	0.791	0.566	0.786	0.410
	0.677	0.305	0.699	0.261	0.692	0.514	0.572	0.535	0.481	0.328	0.380	0.298	0.329
	2.000	2.000	2.000	2.000	0.401	0.519	0.406	0.753	0.298	0.791	0.380	0.422	0.252	0.619	0.655
	2.000	2.000	0.716	0.643	0.348	0.288	0.683	0.762	0.314	0.434	0.445	0.501
	2.000	2.000	2.000	2.000	0.722	0.445	0.623	0.793	0.697	0.397	0.298	0.445	0.413
	2.000	2.000	2.000	0.446	0.763	0.566	0.329	0.422	0.209
	2.000	2.000	2.000	0.277	0.240	0.252	0.305	0.541
	2.000	2.000	0.224	0.781	0.555	0.509	0.222	0.589	0.310	0.219	0.786	0.619	0.501	0.305	0.654
	2.000	2.000	2.000	0.665	0.594	0.588	0.773	0.424	0.410	0.655	0.413	0.209	0.541	0.654

fail
	F	F	F	F	F	F	F	F	F	F	F
	F	F	F	F	F	F	F	F	F	F	F	F	F	F
	F	F	F	F	F	F	F	F	F	F	F	F	F	F
	F	F	F	F	F	F	F	F	F	F	F	F
	F	F	F	F	F	F	F	F	F	F	F	F
	F	F	F	F	F	F	F	F	F
	F	F	F	F	T	T	T	F	T	T	T	T	T	T	T	T
	F	F	T	T	T	T	F	T	T	T	T	T	T	T
	F	F	T	T	F	T	T	F	T	F	T
	F	F	F	T	T	T	F	T	T	T	T	T	F
	F	F	F	F	F	T	T	F	T	T	T	T	T	T	T
	F	F	F	F	F	T	F	T	T	F	T	T	T	F	T
	F	F	T	T	T	T	T	T	T	T
	F	F	T	F	F	F	T	T	F	T	T
	F	F	F	T	F	T	T	F	T	T	T	T	T	T	T	T	T	T
	F	F	T	T	T	T	F	F
	F	F	F	F	T	T	T	T	T	T	T	T
	F	F	F	F	F	T	F	F	T	T	T	T	T	T	T	T	T
	F	F	F	T	T	T	T	T	T	T	T	T	T
	F	F	F	F	T	T	T	T	F	T	T	T	T	T	T	T	T	T	F
	F	F	F	F	T	T	T	T	T	T	T	T	T	T
	F	F	F	T	T	T	T	T	T	T	T	T	T	T	F	T	T
	T	T	T	T	F	F	T	T	T	T	F	T	F
	F	F	F	F	T	F	T	T	T	T	F	T	T	T	T
	F	F	T	T	F	T	F	T	T	T	T	T
	F	F	F	F	T	T	T	T	T	T	T	T	T
	F	F	F	T	T	F	F	T	T
	F	F	F	T	T	T	T	F
	F	F	T	T	F	T	T	T	T	T	T	T	T	T	T
	F	F	F	T	T	T	T	F	T	T	T	T	F	T
