Nodes: 30
Max Connections: 20

beami
	6	8	10	13	14	16	18	20	21	22	23	24	27	29
	6	9	10	11	12	14	15	16	17	19	20	23	26	27	29
	9	10	12	14	16	19	20	22	24	25
	6	8	9	10	11	14	19	21	22	25	27	28	29
	6	7	8	11	12	13	16	17	18	19	24	26	27	29
	15	18	19	21	22	23	24	25	26	27	29
	0	1	3	4	7	8	10	11	12	13	14	16	18	20	22	25	26	27	29
	4	6	10	19	20	21	23	24	25	27	28
	0	3	4	6	9	14	15	16	17	19	25	27	28	29
	1	2	3	8	12	13	17	18	19	20	23	24	25	29
	0	1	2	3	6	7	11	12	17	18	19	21	22	23	24	25	29
	1	3	4	6	10	13	14	16	17	18	19	22	24	27	29
	1	2	4	6	9	10	14	15	18	20	21	24	25	26	29
	0	4	6	9	11	14	15	17	18	21	25	27	28
	0	1	2	3	6	8	11	12	13	18	24	28	29
	1	5	8	12	13	17	18	19	24	25	28	29
	0	1	2	4	6	8	11	17	18	19	20	21	23	24	25	26	27	28	29
	1	4	8	9	10	11	13	15	16	20	23	25	28	29
	0	4	5	6	9	10	11	12	13	14	15	16	19	21	23	24	27	29
	1	2	3	4	5	7	8	9	10	11	15	16	18	21	23	27
	0	1	2	6	7	9	12	16	17	22	23	26
	0	3	5	7	10	12	13	16	18	19	25	27	28
	0	2	3	5	6	10	11	20	23	25	27
	0	1	5	7	9	10	16	17	18	19	20	22	24	27	29
	0	2	4	5	7	9	10	11	12	14	15	16	18	23	27	28
	2	3	5	6	7	8	9	10	12	13	15	16	17	21	22	26	27	28
	1	4	5	6	12	16	20	25	28
	0	1	3	4	5	6	7	8	11	13	16	18	19	21	22	23	24	25	28
	3	7	8	13	14	15	16	17	21	24	25	26	27	29
	0	1	3	4	5	6	8	9	10	11	12	14	15	16	17	18	23	28

beamk
	4000.000	4000.000	4000.000	4000.000	4000.000	4000.000	4000.000	4000.000	4000.000	4000.000	4000.000	4000.000	4000.000	4000.000
	4000.000	4000.000	4000.000	4000.000	4000.000	4000.000	4000.000	4000.000	4000.000	4000.000	4000.000	4000.000	4000.000	4000.000	4000.000
	4000.000	4000.000	4000.000	4000.000	4000.000	4000.000	4000.000	4000.000	4000.000	4000.000
	4000.000	4000.000	4000.000	4000.000	4000.000	4000.000	4000.000	4000.000	4000.000	4000.000	4000.000	4000.000	4000.000
	4000.000	4000.000	4000.000	4000.000	4000.000	4000.000	4000.000	4000.000	4000.000	4000.000	4000.000	4000.000	4000.000	4000.000
	4000.000	4000.000	4000.000	4000.000	4000.000	4000.000	4000.000	4000.000	4000.000	4000.000	4000.000
	4000.000	4000.000	4000.000	4000.000	4.588	5.766	3.753	2.691	2.049	10.242	2.880	10.707	2.176	10.924	6.382	2.356	4.624	7.679	2.996
	4000.000	4.588	6.702	2.776	10.910	10.735	7.637	5.711	10.137	8.426	5.304
	4000.000	4000.000	4000.000	5.766	7.290	8.835	8.570	9.180	9.906	5.626	8.405	6.875	4.800	2.635
	4000.000	4000.000	4000.000	7.290	8.820	2.474	10.753	8.180	9.912	5.385	2.774	4.409	3.614	7.292
	4000.000	4000.000	4000.000	4000.000	3.753	6.702	5.212	2.635	9.230	7.205	8.979	9.237	1.807	8.770	5.615	6.967	6.853
	4000.000	4000.000	4000.000	2.691	5.212	6.186	5.993	4.893	2.171	9.098	7.149	2.672	2.992	2.332	7.252
	4000.000	4000.000	4000.000	2.049	8.820	2.635	10.865	2.035	8.454	1.358	5.988	4.474	5.806	7.426	7.489
	4000.000	4000.000	10.242	2.474	6.186	8.524	7.657	9.726	10.997	5.265	2.629	4.258	10.748
	4000.000	4000.000	4000.000	4000.000	2.880	8.835	5.993	10.865	8.524	9.014	6.452	8.034	9.663
	4000.000	4000.000	8.570	2.035	7.657	6.332	6.080	3.352	4.171	10.909	6.485	3.519
	4000.000	4000.000	4000.000	4000.000	10.707	9.180	4.893	2.181	3.037	7.178	8.742	8.229	5.682	5.998	1.767	7.251	9.770	10.951	2.988
	4000.000	4000.000	9.906	10.753	9.230	2.171	9.726	6.332	2.181	9.401	9.857	6.804	10.304	6.556
	4000.000	4000.000	4000.000	2.176	8.180	7.205	9.098	8.454	10.997	9.014	6.080	3.037	5.326	6.932	9.598	7.998	8.363	8.405
	4000.000	4000.000	4000.000	4000.000	4000.000	2.776	5.626	9.912	8.979	7.149	3.352	7.178	5.326	1.833	5.301	3.903
	4000.000	4000.000	4000.000	10.924	10.910	5.385	1.358	8.742	9.401	4.599	4.938	9.729
	4000.000	4000.000	4000.000	10.735	9.237	5.988	5.265	8.229	6.932	1.833	5.739	6.620	10.059
	4000.000	4000.000	4000.000	4000.000	6.382	1.807	2.672	4.599	9.891	4.923	8.410
	4000.000	4000.000	4000.000	7.637	2.774	8.770	5.682	9.857	9.598	5.301	4.938	9.891	2.872	5.342	10.104
	4000.000	4000.000	4000.000	4000.000	5.711	4.409	5.615	2.992	4.474	6.452	4.171	5.998	7.998	2.872	9.800	4.535
	4000.000	4000.000	4000.000	2.356	10.137	8.405	3.614	6.967	5.806	2.629	10.909	1.767	6.804	5.739	4.923	8.026	4.454	8.297
	4000.000	4000.000	4000.000	4.624	7.426	7.251	9.729	8.026	9.650
	4000.000	4000.000	4000.000	4000.000	4000.000	7.679	8.426	6.875	2.332	4.258	9.770	8.363	3.903	6.620	8.410	5.342	9.800	4.454	10.094
	4000.000	5.304	4.800	10.748	8.034	6.485	10.951	10.304	10.059	4.535	8.297	9.650	10.094	9.371
	4000.000	4000.000	4000.000	4000.000	4000.000	2.996	2.635	7.292	6.853	7.252	7.489	9.663	3.519	2.988	6.556	8.405	10.104	9.371

beaml
	2.000	2.000	2.000	2.000	2.000	2.000	2.000	2.000	2.000	2.000	2.000	2.000	2.000	2.000
	2.000	2.000	2.000	2.000	2.000	2.000	2.000	2.000	2.000	2.000	2.000	2.000	2.000	2.000	2.000
	2.000	2.000	2.000	2.000	2.000	2.000	2.000	2.000	2.000	2.000
	2.000	2.000	2.000	2.000	2.000	2.000	2.000	2.000	2.000	2.000	2.000	2.000	2.000
	2.000	2.000	2.000	2.000	2.000	2.000	2.000	2.000	2.000	2.000	2.000	2.000	2.000	2.000
	2.000	2.000	2.000	2.000	2.000	2.000	2.000	2.000	2.000	2.000	2.000
	2.000	2.000	2.000	2.000	0.298	0.267	0.221	0.286	0.280	0.269	0.264	0.286	0.263	0.287	0.225	0.298	0.209	0.201	0.244
	2.000	0.298	0.219	0.276	0.222	0.254	0.233	0.246	0.217	0.298	0.281
	2.000	2.000	2.000	0.267	0.261	0.287	0.241	0.208	0.255	0.200	0.297	0.243	0.208	0.295
	2.000	2.000	2.000	0.261	0.274	0.263	0.274	0.267	0.241	0.278	0.295	0.290	0.226	0.268
	2.000	2.000	2.000	2.000	0.221	0.219	0.214	0.238	0.211	0.298	0.293	0.273	0.269	0.281	0.289	0.296	0.241
	2.000	2.000	2.000	0.286	0.214	0.274	0.284	0.297	0.237	0.277	0.280	0.246	0.231	0.213	0.260
	2.000	2.000	2.000	0.280	0.274	0.238	0.295	0.232	0.253	0.213	0.299	0.231	0.243	0.206	0.259
	2.000	2.000	0.269	0.263	0.274	0.291	0.299	0.211	0.259	0.229	0.266	0.232	0.290
	2.000	2.000	2.000	2.000	0.264	0.287	0.284	0.295	0.291	0.259	0.266	0.254	0.221
	2.000	2.000	0.241	0.232	0.299	0.213	0.203	0.284	0.224	0.253	0.260	0.214
	2.000	2.000	2.000	2.000	0.286	0.208	0.297	0.235	0.288	0.239	0.263	0.225	0.201	0.300	0.265	0.225	0.239	0.274	0.262
	2.000	2.000	0.255	0.274	0.211	0.237	0.211	0.213	0.235	0.259	0.257	0.207	0.223	0.247
	2.000	2.000	2.000	0.263	0.267	0.298	0.277	0.253	0.259	0.259	0.203	0.288	0.286	0.222	0.244	0.203	0.216	0.299
	2.000	2.000	2.000	2.000	2.000	0.276	0.200	0.241	0.293	0.280	0.284	0.239	0.286	0.287	0.201	0.246
	2.000	2.000	2.000	0.287	0.222	0.278	0.213	0.263	0.259	0.289	0.274	0.266
	2.000	2.000	2.000	0.254	0.273	0.299	0.229	0.225	0.222	0.287	0.298	0.268	0.297
	2.000	2.000	2.000	2.000	0.225	0.269	0.246	0.289	0.250	0.203	0.238
	2.000	2.000	2.000	0.233	0.295	0.281	0.201	0.257	0.244	0.201	0.274	0.250	0.223	0.209	0.212
	2.000	2.000	2.000	2.000	0.246	0.290	0.289	0.231	0.231	0.266	0.224	0.300	0.203	0.223	0.256	0.245
	2.000	2.000	2.000	0.298	0.217	0.297	0.226	0.296	0.243	0.266	0.253	0.265	0.207	0.298	0.203	0.219	0.233	0.295
	2.000	2.000	2.000	0.209	0.206	0.225	0.266	0.219	0.248
	2.000	2.000	2.000	2.000	2.000	0.201	0.298	0.243	0.213	0.232	0.239	0.216	0.246	0.268	0.238	0.209	0.256	0.233	0.293
	2.000	0.281	0.208	0.290	0.254	0.260	0.274	0.223	0.297	0.245	0.295	0.248	0.293	0.278
	2.000	2.000	2.000	2.000	2.000	0.244	0.295	0.268	0.241	0.260	0.259	0.221	0.214	0.262	0.247	0.299	0.212	0.278
