Nodes: 30
Max Connections: 20

beami
	7	18	26	28	9	12	15	17	21	27
	9	13	14	15	16	20	28	7	8	11	18
	22	23	7	10	14	16	21	24	25	27	28
	6	7	15	21	24	29	18	19	27
	6	9	12	20	26	27	28	29	8	18	23	25
	6	11	15	17	20	14	22	24	26	28	29
	4	5	11	13	21	24	3	9	14	16	18	19	25	29
	2	3	12	20	21	22	24	29	0	1	14	19	23	25	26	28
	1	10	14	21	23	24	28	4	15	18	20	26	27	29
	4	11	14	16	18	28	29	0	1	6	12	17	21	22	25	26
	2	16	23	8	11	14	18	19	20	22	25	29
	1	6	10	15	17	18	19	5	9	20	25	26
	0	4	7	15	22	9	14	16	28	29
	15	16	17	18	20	25	1	6	19	21	26
	1	5	6	10	12	20	2	7	8	9	23	25	26	28
	0	1	3	5	11	13	16	22	24	25	8	12	17	18	21	26	27	28
	2	6	13	20	22	1	9	10	12	15	17	18	19	23	28
	0	5	9	11	13	20	24	25	15	16	18	19	21	26	27	28
	0	1	3	17	20	25	4	6	8	9	10	11	13	15	16	19	22	24
	3	16	20	23	27	28	29	6	7	10	11	13	17	18	22	26
	7	8	14	19	21	24	1	4	5	10	11	13	16	17	18	22	29
	2	6	8	9	13	15	17	20	22	23	0	3	7	25	26	29
	9	15	16	18	21	26	27	2	5	7	10	12	19	20	25
	7	10	14	16	19	21	28	29	2	4	8	25	27
	3	6	7	8	17	2	5	15	18	20	27
	7	9	10	17	18	22	23	28	2	4	6	11	13	14	15	21
	4	7	8	9	11	14	15	19	21	0	5	13	17	22	27
	3	4	19	22	24	29	0	2	8	15	17	23	26
	0	2	5	8	16	23	25	1	4	7	9	12	14	15	17	19
	3	4	19	20	23	27	5	6	7	8	9	10	12	21

beamk
	4000.0	4000.0	4000.0	4000.0	4000.0	4000.0	4000.0	4000.0	4000.0	4000.0
	4000.0	4000.0	4000.0	4000.0	4000.0	4000.0	4000.0	4000.0	4000.0	4000.0	4000.0
	4000.0	4000.0	4000.0	4000.0	4000.0	4000.0	4000.0	4000.0	4000.0	4000.0	4000.0
	4000.0	4000.0	4000.0	4000.0	4000.0	3335.69664524	4000.0	4000.0	4000.0
	4000.0	4000.0	4000.0	4000.0	4000.0	4000.0	4000.0	4000.0	4000.0	4000.0	4000.0	4000.0
	4000.0	4000.0	4000.0	4000.0	3558.04934024	4000.0	4000.0	4000.0	4000.0	4000.0	4000.0
	4000.0	4000.0	93.671	78.869	135.06	149.588	4000.0	54.753	96.472	77.494	54.614	87.674	56.04	126.333
	4000.0	4000.0	80.77	142.006	66.415	143.565	102.075	96.485	4000.0	4000.0	67.031	104.545	149.584	57.51	80.23	142.238
	4000.0	68.873	53.016	89.678	61.695	62.725	96.606	4000.0	52.6	134.196	142.416	64.654	50.534	79.203
	4000.0	130.614	119.785	106.747	125.233	117.473	96.2460032462	4000.0	4000.0	54.753	58.285	119.472	92.412	117.339	68.163	75.034
	4000.0	145.235	93.097	68.873	60.427	101.379	138.303	102.06	146.431	50.507	72.68	100.205
	4000.0	93.671	60.427	92.526	63.455	99.623	60.824	4000.0	130.614	126.901	88.628	51.768
	4000.0	4000.0	80.77	142.088	109.653	58.285	142.62	93.616	92.832	84.084
	53.822	52.995	74.692	103.918	68.576	53.676	4000.0	78.869	68.377	147.612	87.76
	4000.0	4000.0	96.472	101.379	142.62	148.869	4000.0	67.031	53.016	119.785	136.619	143.944	128.881	51.922
	4000.0	4000.0	4000.0	4000.0	92.526	53.822	55.086	128.429	143.156	134.493	52.6	142.088	108.385	69.841	139.588	125.243	127.165	53.786
	4000.0	77.494	52.995	136.807	122.674	4000.0	106.747	145.235	93.616	55.086	148.32	68.161	149.703	123.739	78.767
	4000.0	4000.0	119.472	63.455	74.692	65.845	124.713	97.387	108.385	148.32	98.752	127.351	95.059	71.126	148.737	93.872
	4000.0	4000.0	4000.0	98.752	77.342	107.423	4000.0	54.614	134.196	125.233	138.303	99.623	103.918	69.841	68.161	73.386	143.157	84.514
	4000.0	149.703	52.646	116.663	124.896	123.308	61.603569082	87.674	104.545	102.06	60.824	68.377	127.351	73.386	134.43	62.884
	142.006	142.416	148.869	52.646	115.244	137.78	4000.0	4000.0	3945.03682283	146.431	126.901	68.576	136.807	65.845	77.342	110.485	113.521247239
	4000.0	135.06	89.678	92.412	147.612	139.588	95.059	115.244	94.496	111.888	4000.0	4000.0	66.415	112.723	58.387	143.586
	117.339	128.429	122.674	143.157	94.496	130.953	97.938	4000.0	4000.0	143.565	50.507	109.653	134.43	110.485	149.777
	149.584	93.097	136.619	123.739	116.663	111.888	115.948	88.386	4000.0	4000.0	61.695	142.925	51.331
	4000.0	149.588	102.075	62.725	124.713	4000.0	4000.0	143.156	84.514	137.78	92.47
	57.51	68.163	72.68	97.387	107.423	149.777	142.925	104.965	4000.0	4000.0	56.04	88.628	53.676	143.944	134.493	112.723
	4000.0	80.23	64.654	75.034	51.768	128.881	125.243	62.884	58.387	4000.0	4000.0	87.76	71.126	130.953	146.839
	4000.0	4000.0	124.896	97.938	92.47	50.472	4000.0	4000.0	50.534	127.165	148.737	51.331	146.839
	4000.0	4000.0	4000.0	96.606	78.767	115.948	104.965	4000.0	4000.0	142.238	117.473	92.832	51.922	53.786	93.872	123.308
	4760.8002642	4000.0	58.5919635179	115.13160875	88.386	50.472	4000.0	126.333	96.485	79.203	77.7677110143	100.205	84.084	143.586

beaml
	2.0	2.0	2.0	2.0	2.0	2.0	2.0	2.0	2.0	2.0
	2.0	2.0	2.0	2.0	2.0	2.0	2.0	2.0	2.0	2.0	2.0
	2.0	2.0	2.0	2.0	2.0	2.0	2.0	2.0	2.0	2.0	2.0
	2.0	2.0	2.0	2.0	2.0	2.19676159448	2.0	2.0	2.0
	2.0	2.0	2.0	2.0	2.0	2.0	2.0	2.0	2.0	2.0	2.0	2.0
	2.0	2.0	2.0	2.0	1.90566451972	2.0	2.0	2.0	2.0	2.0	2.0
	2.0	2.0	0.516	0.216	0.202	0.292	2.0	0.387	0.305	0.468	0.766	0.476	0.554	0.355
	2.0	2.0	0.336	0.683	0.719	0.561	0.382	0.428	2.0	2.0	0.704	0.685	0.419	0.51	0.25	0.512
	2.0	0.742	0.476	0.591	0.779	0.292	0.35	2.0	0.696	0.573	0.638	0.417	0.681	0.779
	2.0	0.426	0.47	0.618	0.798	0.456	0.566698849367	2.0	2.0	0.387	0.381	0.71	0.252	0.377	0.466	0.516
	2.0	0.326	0.296	0.742	0.74	0.77	0.68	0.71	0.366	0.596	0.606	0.549
	2.0	0.516	0.74	0.773	0.509	0.488	0.782	2.0	0.426	0.282	0.678	0.748
	2.0	2.0	0.336	0.33	0.213	0.381	0.795	0.375	0.695	0.483
	0.721	0.774	0.308	0.74	0.394	0.414	2.0	0.216	0.636	0.71	0.697
	2.0	2.0	0.305	0.77	0.795	0.233	2.0	0.704	0.476	0.47	0.569	0.748	0.745	0.604
	2.0	2.0	2.0	2.0	0.773	0.721	0.503	0.369	0.206	0.223	0.696	0.33	0.422	0.36	0.723	0.605	0.409	0.44
	2.0	0.468	0.774	0.661	0.423	2.0	0.618	0.326	0.375	0.503	0.799	0.359	0.605	0.627	0.47
	2.0	2.0	0.71	0.509	0.308	0.418	0.567	0.79	0.422	0.799	0.32	0.309	0.417	0.617	0.521	0.693
	2.0	2.0	2.0	0.32	0.664	0.405	2.0	0.766	0.573	0.798	0.68	0.488	0.74	0.36	0.359	0.8	0.79	0.557
	2.0	0.605	0.386	0.422	0.491	0.26	0.528372149349	0.476	0.685	0.71	0.782	0.636	0.309	0.8	0.715	0.304
	0.683	0.638	0.233	0.386	0.222	0.22	2.0	2.0	2.33126687779	0.366	0.282	0.394	0.661	0.418	0.664	0.711	0.23811771165
	2.0	0.202	0.591	0.252	0.71	0.723	0.417	0.222	0.446	0.532	2.0	2.0	0.719	0.588	0.635	0.602
	0.377	0.369	0.423	0.79	0.446	0.534	0.74	2.0	2.0	0.561	0.596	0.213	0.715	0.711	0.599
	0.419	0.296	0.569	0.627	0.422	0.532	0.334	0.274	2.0	2.0	0.779	0.26	0.211
	2.0	0.292	0.382	0.292	0.567	2.0	2.0	0.206	0.557	0.22	0.645
	0.51	0.466	0.606	0.79	0.405	0.599	0.26	0.241	2.0	2.0	0.554	0.678	0.414	0.748	0.223	0.588
	2.0	0.25	0.417	0.516	0.748	0.745	0.605	0.304	0.635	2.0	2.0	0.697	0.617	0.534	0.441
	2.0	2.0	0.491	0.74	0.645	0.567	2.0	2.0	0.681	0.409	0.521	0.211	0.441
	2.0	2.0	2.0	0.35	0.47	0.334	0.241	2.0	2.0	0.512	0.456	0.695	0.604	0.44	0.693	0.26
	1.82842429571	2.0	0.684680423984	0.196219506088	0.274	0.567	2.0	0.355	0.428	0.779	0.561214872057	0.549	0.483	0.602