Nodes: 30
Max Connections: 20

beami
	7	9	11	13	14	15	16	18	19	20	21	22	24	28	29
	6	7	8	14	15	16	18	19	20	23	24	28	29
	6	7	9	10	11	12	13	16	20	22	24	28	29
	6	10	12	14	17	18	19	21	25	27	28
	7	9	10	13	16	19	22	24	29
	6	7	9	12	13	14	17	21	22	24	27	28	29
	1	2	3	5	10	11	12	16	17	20	21	23	24	25	26	27	28
	0	1	2	4	5	9	10	11	12	13	14	15	17	18	21	23	24	26	27	28
	1	10	11	12	17	19	20	21	24	25	26	27	28	29
	0	2	4	5	7	10	13	17	22	25	27	28	29
	2	3	4	6	7	8	9	12	15	16	17	18	19	25
	0	2	6	7	8	13	14	15	18	20	21	26	27	28
	2	3	5	6	7	8	10	13	14	15	16	17	18	19
	0	2	4	5	7	9	11	12	15	17	19	21	23	24
	0	1	3	5	7	11	12	15	16	17	18	19	22	25	26	28
	0	1	7	10	11	12	13	14	21	24	25	27
	0	1	2	4	6	10	12	14	17	18	19	20	22	23	25	28
	3	5	6	7	8	9	10	12	13	14	16	19	23	29
	0	1	3	7	10	11	12	14	16	19	22	25	28
	0	1	3	4	8	10	12	13	14	16	17	18	20	21	22	23	24	25	28
	0	1	2	6	8	11	16	19	21	22	23	27
	0	3	5	6	7	8	11	13	15	19	20	22	23	24	25	26	28	29
	0	2	4	5	9	14	16	18	19	20	21	26
	1	6	7	13	16	17	19	20	21	27
	0	1	2	4	5	6	7	8	13	15	19	21	29
	3	6	8	9	10	14	15	16	18	19	21	27	29
	6	7	8	11	14	21	22	29
	3	5	6	7	8	9	11	15	20	23	25	28	29
	0	1	2	3	5	6	7	8	9	11	14	16	18	19	21	27
	0	1	2	4	5	8	9	17	21	24	25	26	27

beamk
	4000.000	4000.000	4000.000	4000.000	4000.000	4000.000	4000.000	4000.000	4000.000	4000.000	4000.000	4000.000	4000.000	4000.000	4000.000
	4000.000	4000.000	4000.000	4000.000	4000.000	4000.000	4000.000	4000.000	4000.000	4000.000	4000.000	4000.000	4000.000
	4000.000	4000.000	4000.000	4000.000	4000.000	4000.000	4000.000	4000.000	4000.000	4000.000	4000.000	4000.000	4000.000
	4000.000	4000.000	4000.000	4000.000	4000.000	4000.000	4000.000	4000.000	4000.000	4000.000	4000.000
	4000.000	4000.000	4000.000	4000.000	4000.000	4000.000	4000.000	4000.000	4000.000
	4000.000	4000.000	4000.000	4000.000	4000.000	4000.000	4000.000	4000.000	4000.000	4000.000	4000.000	4000.000	4000.000
	4000.000	4000.000	4000.000	4000.000	80.066	121.393	130.924	120.309	98.003	98.672	87.888	126.339	138.213	84.535	97.871	80.170	80.541
	4000.000	4000.000	4000.000	4000.000	4000.000	75.617	125.370	145.626	115.713	147.003	108.360	141.110	126.304	143.771	52.922	136.891	132.517	117.247	109.670	141.689
	4000.000	124.426	51.534	109.182	52.253	116.980	65.210	110.443	97.214	71.640	73.173	132.355	110.947	53.323
	4000.000	4000.000	4000.000	4000.000	75.617	52.526	142.442	66.922	90.809	104.111	86.981	97.233	74.465
	4000.000	4000.000	4000.000	80.066	125.370	124.426	52.526	51.261	136.715	112.378	146.268	145.828	99.939	73.345
	4000.000	4000.000	121.393	145.626	51.534	101.136	87.851	50.229	133.497	92.263	142.668	92.829	74.172	125.308
	4000.000	4000.000	4000.000	130.924	115.713	109.182	51.261	96.430	80.209	125.577	115.508	61.194	99.617	78.011
	4000.000	4000.000	4000.000	4000.000	147.003	142.442	101.136	96.430	116.186	56.752	50.525	53.868	69.856	128.287
	4000.000	4000.000	4000.000	4000.000	108.360	87.851	80.209	107.021	136.252	95.692	130.709	131.234	115.580	127.962	102.813	124.688
	4000.000	4000.000	141.110	136.715	50.229	125.577	116.186	107.021	125.508	127.941	120.894	51.834
	4000.000	4000.000	4000.000	4000.000	120.309	112.378	115.508	136.252	122.649	81.674	66.218	59.761	79.998	76.704	66.120	50.724
	4000.000	4000.000	98.003	126.304	52.253	66.922	146.268	61.194	56.752	95.692	122.649	70.577	131.919	69.469
	4000.000	4000.000	4000.000	143.771	145.828	133.497	99.617	130.709	81.674	96.173	98.423	98.560	88.822
	4000.000	4000.000	4000.000	4000.000	116.980	99.939	78.011	50.525	131.234	66.218	70.577	96.173	141.998	117.469	106.941	126.410	72.584	123.401	111.319
	4000.000	4000.000	4000.000	98.672	65.210	92.263	59.761	141.998	73.463	112.285	124.976	130.382
	4000.000	4000.000	4000.000	87.888	52.922	110.443	142.668	53.868	125.508	117.469	73.463	139.174	148.328	88.415	117.330	94.806	140.347	56.482
	4000.000	4000.000	4000.000	4000.000	90.809	115.580	79.998	98.423	106.941	112.285	139.174	124.384
	4000.000	126.339	136.891	69.856	76.704	131.919	126.410	124.976	148.328	106.717
	4000.000	4000.000	4000.000	4000.000	4000.000	138.213	132.517	97.214	128.287	127.941	72.584	88.415	57.268
	4000.000	84.535	71.640	104.111	73.345	127.962	120.894	66.120	98.560	123.401	117.330	62.439	54.753
	97.871	117.247	73.173	92.829	102.813	94.806	124.384	115.575
	4000.000	4000.000	80.170	109.670	132.355	86.981	74.172	51.834	130.382	106.717	62.439	84.791	143.180
	4000.000	4000.000	4000.000	4000.000	4000.000	80.541	141.689	110.947	97.233	125.308	124.688	50.724	88.822	111.319	140.347	84.791
	4000.000	4000.000	4000.000	4000.000	4000.000	53.323	74.465	69.469	56.482	57.268	54.753	115.575	143.180

beaml
	2.000	2.000	2.000	2.000	2.000	2.000	2.000	2.000	2.000	2.000	2.000	2.000	2.000	2.000	2.000
	2.000	2.000	2.000	2.000	2.000	2.000	2.000	2.000	2.000	2.000	2.000	2.000	2.000
	2.000	2.000	2.000	2.000	2.000	2.000	2.000	2.000	2.000	2.000	2.000	2.000	2.000
	2.000	2.000	2.000	2.000	2.000	2.000	2.000	2.000	2.000	2.000	2.000
	2.000	2.000	2.000	2.000	2.000	2.000	2.000	2.000	2.000
	2.000	2.000	2.000	2.000	2.000	2.000	2.000	2.000	2.000	2.000	2.000	2.000	2.000
	2.000	2.000	2.000	2.000	0.360	0.601	0.389	0.648	0.401	0.318	0.337	0.388	0.568	0.396	0.282	0.219	0.641
	2.000	2.000	2.000	2.000	2.000	0.466	0.758	0.386	0.677	0.755	0.392	0.430	0.363	0.546	0.269	0.541	0.727	0.283	0.371	0.665
	2.000	0.797	0.245	0.733	0.707	0.722	0.525	0.283	0.552	0.549	0.594	0.527	0.478	0.492
	2.000	2.000	2.000	2.000	0.466	0.731	0.462	0.579	0.314	0.267	0.593	0.608	0.545
	2.000	2.000	2.000	0.360	0.758	0.797	0.731	0.263	0.332	0.325	0.570	0.467	0.535	0.422
	2.000	2.000	0.601	0.386	0.245	0.446	0.578	0.703	0.754	0.474	0.431	0.562	0.455	0.701
	2.000	2.000	2.000	0.389	0.677	0.733	0.263	0.253	0.597	0.498	0.564	0.568	0.304	0.780
	2.000	2.000	2.000	2.000	0.755	0.462	0.446	0.253	0.781	0.410	0.455	0.743	0.736	0.561
	2.000	2.000	2.000	2.000	0.392	0.578	0.597	0.272	0.669	0.263	0.755	0.410	0.526	0.582	0.320	0.707
	2.000	2.000	0.430	0.332	0.703	0.498	0.781	0.272	0.272	0.218	0.451	0.558
	2.000	2.000	2.000	2.000	0.648	0.325	0.564	0.669	0.396	0.558	0.462	0.284	0.471	0.279	0.580	0.558
	2.000	2.000	0.401	0.363	0.707	0.579	0.570	0.568	0.410	0.263	0.396	0.453	0.741	0.210
	2.000	2.000	2.000	0.546	0.467	0.754	0.304	0.755	0.558	0.289	0.358	0.700	0.561
	2.000	2.000	2.000	2.000	0.722	0.535	0.780	0.455	0.410	0.462	0.453	0.289	0.498	0.418	0.756	0.766	0.255	0.441	0.361
	2.000	2.000	2.000	0.318	0.525	0.474	0.284	0.498	0.593	0.355	0.307	0.453
	2.000	2.000	2.000	0.337	0.269	0.283	0.431	0.743	0.272	0.418	0.593	0.403	0.565	0.416	0.784	0.452	0.362	0.211
	2.000	2.000	2.000	2.000	0.314	0.526	0.471	0.358	0.756	0.355	0.403	0.560
	2.000	0.388	0.541	0.736	0.279	0.741	0.766	0.307	0.565	0.480
	2.000	2.000	2.000	2.000	2.000	0.568	0.727	0.552	0.561	0.218	0.255	0.416	0.333
	2.000	0.396	0.549	0.267	0.422	0.582	0.451	0.580	0.700	0.441	0.784	0.217	0.246
	0.282	0.283	0.594	0.562	0.320	0.452	0.560	0.467
	2.000	2.000	0.219	0.371	0.527	0.593	0.455	0.558	0.453	0.480	0.217	0.779	0.695
	2.000	2.000	2.000	2.000	2.000	0.641	0.665	0.478	0.608	0.701	0.707	0.558	0.561	0.361	0.362	0.779
	2.000	2.000	2.000	2.000	2.000	0.492	0.545	0.210	0.211	0.333	0.246	0.467	0.695

fail
	F	F	F	F	F	F	F	F	F	F	F	F	F	F	F
	F	F	F	F	F	F	F	F	F	F	F	F	F
	F	F	F	F	F	F	F	F	F	F	F	F	F
	F	F	F	F	F	F	F	F	F	F	F
	F	F	F	F	F	F	F	F	F
	F	F	F	F	F	F	F	F	F	F	F	F	F
	F	F	F	F	T	T	F	T	T	T	T	T	T	F	F	T	T
	F	F	F	F	F	T	T	T	T	T	T	T	T	T	T	T	T	T	T	T
	F	T	T	T	T	F	T	T	F	T	T	T	F	F
	F	F	F	F	T	T	T	T	T	T	T	T	T
	F	F	F	T	T	T	T	T	F	T	T	T	F	T
	F	F	T	T	T	T	T	F	F	T	T	T	T	T
	F	F	F	F	T	T	T	T	T	T	T	T	T	T
	F	F	F	F	T	T	T	T	T	T	T	T	T	T
	F	F	F	F	T	T	T	T	T	T	T	T	T	T	T	T
	F	F	T	F	F	T	T	T	T	T	T	T
	F	F	F	F	T	T	T	T	F	T	T	T	T	T	T	T
	F	F	T	T	T	T	T	T	T	T	F	F	F	T
	F	F	F	T	T	F	T	T	T	T	F	T	T
	F	F	F	F	F	F	T	T	T	T	F	T	T	T	T	T	T	T	T
	F	F	F	T	T	T	T	T	T	T	T	T
	F	F	F	T	T	T	T	T	T	T	T	T	F	T	T	F	T	T
	F	F	F	F	T	T	T	F	T	T	T	T
	F	T	T	T	T	F	T	T	F	F
	F	F	F	F	F	T	T	F	T	T	T	T	T
	F	F	T	T	T	T	T	T	T	T	T	F	T
	F	T	T	T	T	F	T	F
	F	F	T	T	T	T	T	T	T	F	F	T	T
	F	F	F	F	F	T	T	F	T	T	T	T	T	T	T	T
	F	F	F	F	F	F	T	T	T	T	T	F	T
