defaultTheta
	1.709	2.324	2.948	0.344	1.854	1.264	0.640	1.210	0.873	0.012	2.602	0.045	2.045	1.732	2.609	0.008	2.258	1.733	1.523	0.522	0.947	1.204	1.273	1.920	1.951
	2.312
	1.503
	1.251	1.434	0.200	1.600	2.079	2.540	2.781	2.747	1.156	1.947	2.140	1.632	2.224	2.850	1.853	0.609	1.618	2.946	2.945	2.025	2.121	2.551	2.344	1.921	2.709	2.719	0.805	2.626	1.652	1.282	0.405	0.327	0.792	0.698	1.536	2.477	1.005	2.276	0.902	0.566	1.782	2.177	1.354	2.475	0.854	0.228	2.506	0.139	0.686	0.752	0.420	2.738	1.974	1.632	2.927	0.203	2.342	1.014	0.900	0.418	0.963	3.012	1.201	0.485	0.847	0.968	1.325	2.691	2.436	3.033	0.238	0.648	2.475	3.135	2.009	1.987	1.058	0.159	1.866	1.004	1.881
	0.838	2.535	0.222	1.568	0.909	0.209	1.245	0.078	2.918	1.650	1.918	0.479	1.824	2.721	1.916	1.658	1.524	3.142	2.881	1.860	0.233	2.207	1.612	2.717	1.230	0.010	0.790	2.083	2.834	2.301	3.122	1.221	1.869	0.109	2.790	2.258	0.897	1.360	0.466	0.756	2.159	1.701	1.254	2.423	2.304	2.555	2.400	0.647	1.855	2.737	2.726	1.385	0.035	2.990	0.537	2.196	1.369	2.504	1.398	0.428	0.226	2.844	0.475	0.612
	1.106	0.693	2.061	1.171	1.680	2.597	1.623	1.773	2.407
	2.474	2.921	1.224	2.744	2.631	1.276	2.408	0.309	3.072	2.037	1.323	2.120	2.793	2.430	0.453	2.560	2.360	2.688	2.344	1.368	2.368	1.936	1.884	1.594	1.472
	2.915	1.066	0.433	2.496	2.142	1.417	2.734	0.757	1.077	1.430	1.794	1.948	2.291	2.833	2.504	1.233	0.817	1.030	3.016	0.971	0.191	0.434	3.022	2.065	1.152	0.261	1.008	0.393	2.899	0.901	1.247	1.397	1.290	0.172	2.811	0.039
	0.389	2.786	1.665	1.227	2.061	2.622	0.554	0.085	3.099	2.572	3.120	0.127	0.114	2.433	1.442	2.785
	2.945	2.100	0.996	1.143	1.672	2.985	0.497	2.537	0.915
	1.658	2.796	2.161	2.085	2.693	0.782	2.216	1.625	2.053	1.358	2.537	0.678	2.115	2.310	1.629	0.337
	0.977	1.931	2.902	1.450	1.260	1.649	2.817	1.508	2.753
	1.784	2.755	1.388	0.496	0.097	0.640	2.271	0.426	1.614
	1.935	2.639	2.154	0.388	1.278	0.417	1.620	3.038	1.522	2.960	1.841	1.002	0.349	0.956	1.191	0.960	2.493	0.038	1.604	0.193	2.322	0.631	2.812	2.032	1.812	0.070	1.766	2.992	1.202	2.891	0.236	2.378	1.167	1.092	2.842	2.513
	1.896	2.822	0.530	2.760	0.422	2.853	0.759	1.162	0.368	1.212	1.621	0.190	2.865	2.418	2.567	1.447
	1.791	2.888	2.840	1.521	2.194	2.308	0.794	1.772	1.241	1.766	0.292	2.508	0.096	2.581	0.432	0.843	2.013	1.402	3.094	1.831	1.014	1.958	1.327	2.969	0.431
	2.287	0.408	0.739	0.297	0.026	1.064	2.953	1.458	1.647	0.995	0.415	1.335	0.675	2.961	2.088	2.096	0.974	2.887	3.008	1.891	0.771	0.762	2.892	1.796	0.488	1.735	1.658	0.135	2.590	2.836	0.205	2.769	1.153	2.892	2.556	0.912	1.455	0.769	0.752	2.603	2.214	2.143	1.124	3.064	2.232	2.107	1.407	0.474	1.106	0.437	1.865	0.707	3.023	1.384	0.899	1.873	2.041	0.702	0.011	0.594	0.241	1.537	1.294	1.065	2.235	2.921	2.852	1.138	1.962	0.225	0.226	2.833	2.973	2.290	1.018	2.084	2.444	2.907	2.491	2.996	2.333
	2.543	0.121	1.635	3.062	1.803	0.817	2.413	1.887	0.491	1.304	1.023	3.055	1.202	1.619	0.847	0.691	2.854	0.788	2.894	0.066	0.855	3.049	1.531	1.688	1.558	1.455	0.456	0.227	0.632	2.715	2.657	1.727	1.075	0.575	0.083	2.384	1.523	1.064	0.944	1.935	2.602	1.941	1.618	1.574	0.873	0.586	1.411	2.758	1.688	0.173	0.832	2.709	1.706	2.269	0.242	2.011	1.311	2.760	2.977	2.036	2.339	1.096	1.795	3.094	0.904	2.112	2.682	0.949	2.312	0.756	1.138	2.256	0.434	2.236	3.065	0.978	0.612	2.871	2.787	2.748	2.949
	2.285	0.257	0.595	0.169	1.981	0.976	0.614	2.969	1.680	0.839	2.013	1.592	0.716	1.424	1.786	2.041	0.579	1.022	1.725	2.525	2.498	1.659	1.769	2.821	1.237	2.967	1.970	1.851	2.654	3.009	1.365	2.229	1.065	3.119	1.300	0.213
	2.861	0.626	0.217	1.797	0.824	1.563	3.039	2.339	0.406	0.710	0.974	0.574	3.048	1.688	3.053	1.862
	0.632	1.121	2.794	2.303	1.398	0.130	0.996	0.706	1.534
	0.032	1.213	1.405	1.158	2.325	1.853	0.701	0.392	0.193	1.598	0.521	0.078	1.150	3.120	2.477	0.131	0.877	3.116	2.464	2.233	2.201	2.693	0.288	1.582	3.130
	2.976	3.035	1.160	0.987	2.900	2.650	2.832	1.234	2.667	0.796	2.205	2.703	2.758	1.700	0.329	1.237	2.197	0.076	2.173	1.353	1.386	1.821	1.247	0.740	0.471	2.530	1.391	1.291	1.940	2.206	1.537	2.433	1.431	0.808	0.432	2.395
	3.023	2.894	0.988	1.899	2.029	0.993	0.238	1.286	2.133	1.306	0.652	1.120	3.108	2.546	0.948	2.217
	2.874	1.957	2.462	2.180	2.003	1.628	2.315	1.278	0.123	1.835	0.041	2.857	1.742	0.406	0.920	0.377	1.450	1.373	3.049	2.120	0.442	1.009	0.379	0.922	1.730	1.276	2.571	1.778	0.112	0.719	1.665	1.684	0.290	0.744	0.325	2.107	0.329	0.383	2.262	1.209	0.921	2.620	0.335	1.521	0.299	1.478	0.196	1.938	3.077
	0.682	2.405	1.028	2.764	0.301	2.717	2.734	0.853	0.847	0.327	1.634	1.467	2.590	3.133	2.148	0.927	0.187	2.478	2.925	2.626	0.843	1.594	2.697	2.648	0.493
	2.770	0.460	2.099	2.758	1.295	2.016	1.454	2.413	0.276	2.891	2.280	1.962	1.027	0.038	1.920	0.366	2.659	2.644	0.735	0.565	0.884	1.111	1.642	3.128	2.579	1.680	0.327	2.450	2.018	1.887	3.020	2.345	3.080	1.012	0.966	2.704	1.016	1.046	1.056	1.436	0.768	2.212	0.474	2.449	0.867	0.147	0.307	0.142	1.197	0.918	2.732	0.871	1.154	0.123	2.949	2.704	1.534	1.670	0.153	1.359	2.173	1.766	0.855	2.725
	3.063	1.073	0.982	0.118	0.719	1.204	1.800	1.102	2.540
	2.200	0.608	0.571	1.923	2.119	1.104	1.688	2.205	0.537
	1.564	2.181	0.895	2.810	1.010	2.888	0.400	3.101	2.364	0.647	2.868	0.782	1.328	1.856	2.090	0.437	3.047	2.796	2.862	0.355	0.093	1.139	2.049	1.501	1.628	2.417	1.774	2.185	2.528	0.352	0.149	1.989	0.265	0.855	0.967	0.715

angleSpringConst
	1.709	2.324	2.948	0.344	1.854	1.264	0.640	1.210	0.873	0.012	2.602	0.045	2.045	1.732	2.609	0.008	2.258	1.733	1.523	0.522	0.947	1.204	1.273	1.920	1.951
	2.312
	1.503
	1.251	1.434	0.200	1.600	2.079	2.540	2.781	2.747	1.156	1.947	2.140	1.632	2.224	2.850	1.853	0.609	1.618	2.946	2.945	2.025	2.121	2.551	2.344	1.921	2.709	2.719	0.805	2.626	1.652	1.282	0.405	0.327	0.792	0.698	1.536	2.477	1.005	2.276	0.902	0.566	1.782	2.177	1.354	2.475	0.854	0.228	2.506	0.139	0.686	0.752	0.420	2.738	1.974	1.632	2.927	0.203	2.342	1.014	0.900	0.418	0.963	3.012	1.201	0.485	0.847	0.968	1.325	2.691	2.436	3.033	0.238	0.648	2.475	3.135	2.009	1.987	1.058	0.159	1.866	1.004	1.881
	0.838	2.535	0.222	1.568	0.909	0.209	1.245	0.078	2.918	1.650	1.918	0.479	1.824	2.721	1.916	1.658	1.524	3.142	2.881	1.860	0.233	2.207	1.612	2.717	1.230	0.010	0.790	2.083	2.834	2.301	3.122	1.221	1.869	0.109	2.790	2.258	0.897	1.360	0.466	0.756	2.159	1.701	1.254	2.423	2.304	2.555	2.400	0.647	1.855	2.737	2.726	1.385	0.035	2.990	0.537	2.196	1.369	2.504	1.398	0.428	0.226	2.844	0.475	0.612
	1.106	0.693	2.061	1.171	1.680	2.597	1.623	1.773	2.407
	2.474	2.921	1.224	2.744	2.631	1.276	2.408	0.309	3.072	2.037	1.323	2.120	2.793	2.430	0.453	2.560	2.360	2.688	2.344	1.368	2.368	1.936	1.884	1.594	1.472
	2.915	1.066	0.433	2.496	2.142	1.417	2.734	0.757	1.077	1.430	1.794	1.948	2.291	2.833	2.504	1.233	0.817	1.030	3.016	0.971	0.191	0.434	3.022	2.065	1.152	0.261	1.008	0.393	2.899	0.901	1.247	1.397	1.290	0.172	2.811	0.039
	0.389	2.786	1.665	1.227	2.061	2.622	0.554	0.085	3.099	2.572	3.120	0.127	0.114	2.433	1.442	2.785
	2.945	2.100	0.996	1.143	1.672	2.985	0.497	2.537	0.915
	1.658	2.796	2.161	2.085	2.693	0.782	2.216	1.625	2.053	1.358	2.537	0.678	2.115	2.310	1.629	0.337
	0.977	1.931	2.902	1.450	1.260	1.649	2.817	1.508	2.753
	1.784	2.755	1.388	0.496	0.097	0.640	2.271	0.426	1.614
	1.935	2.639	2.154	0.388	1.278	0.417	1.620	3.038	1.522	2.960	1.841	1.002	0.349	0.956	1.191	0.960	2.493	0.038	1.604	0.193	2.322	0.631	2.812	2.032	1.812	0.070	1.766	2.992	1.202	2.891	0.236	2.378	1.167	1.092	2.842	2.513
	1.896	2.822	0.530	2.760	0.422	2.853	0.759	1.162	0.368	1.212	1.621	0.190	2.865	2.418	2.567	1.447
	1.791	2.888	2.840	1.521	2.194	2.308	0.794	1.772	1.241	1.766	0.292	2.508	0.096	2.581	0.432	0.843	2.013	1.402	3.094	1.831	1.014	1.958	1.327	2.969	0.431
	2.287	0.408	0.739	0.297	0.026	1.064	2.953	1.458	1.647	0.995	0.415	1.335	0.675	2.961	2.088	2.096	0.974	2.887	3.008	1.891	0.771	0.762	2.892	1.796	0.488	1.735	1.658	0.135	2.590	2.836	0.205	2.769	1.153	2.892	2.556	0.912	1.455	0.769	0.752	2.603	2.214	2.143	1.124	3.064	2.232	2.107	1.407	0.474	1.106	0.437	1.865	0.707	3.023	1.384	0.899	1.873	2.041	0.702	0.011	0.594	0.241	1.537	1.294	1.065	2.235	2.921	2.852	1.138	1.962	0.225	0.226	2.833	2.973	2.290	1.018	2.084	2.444	2.907	2.491	2.996	2.333
	2.543	0.121	1.635	3.062	1.803	0.817	2.413	1.887	0.491	1.304	1.023	3.055	1.202	1.619	0.847	0.691	2.854	0.788	2.894	0.066	0.855	3.049	1.531	1.688	1.558	1.455	0.456	0.227	0.632	2.715	2.657	1.727	1.075	0.575	0.083	2.384	1.523	1.064	0.944	1.935	2.602	1.941	1.618	1.574	0.873	0.586	1.411	2.758	1.688	0.173	0.832	2.709	1.706	2.269	0.242	2.011	1.311	2.760	2.977	2.036	2.339	1.096	1.795	3.094	0.904	2.112	2.682	0.949	2.312	0.756	1.138	2.256	0.434	2.236	3.065	0.978	0.612	2.871	2.787	2.748	2.949
	2.285	0.257	0.595	0.169	1.981	0.976	0.614	2.969	1.680	0.839	2.013	1.592	0.716	1.424	1.786	2.041	0.579	1.022	1.725	2.525	2.498	1.659	1.769	2.821	1.237	2.967	1.970	1.851	2.654	3.009	1.365	2.229	1.065	3.119	1.300	0.213
	2.861	0.626	0.217	1.797	0.824	1.563	3.039	2.339	0.406	0.710	0.974	0.574	3.048	1.688	3.053	1.862
	0.632	1.121	2.794	2.303	1.398	0.130	0.996	0.706	1.534
	0.032	1.213	1.405	1.158	2.325	1.853	0.701	0.392	0.193	1.598	0.521	0.078	1.150	3.120	2.477	0.131	0.877	3.116	2.464	2.233	2.201	2.693	0.288	1.582	3.130
	2.976	3.035	1.160	0.987	2.900	2.650	2.832	1.234	2.667	0.796	2.205	2.703	2.758	1.700	0.329	1.237	2.197	0.076	2.173	1.353	1.386	1.821	1.247	0.740	0.471	2.530	1.391	1.291	1.940	2.206	1.537	2.433	1.431	0.808	0.432	2.395
	3.023	2.894	0.988	1.899	2.029	0.993	0.238	1.286	2.133	1.306	0.652	1.120	3.108	2.546	0.948	2.217
	2.874	1.957	2.462	2.180	2.003	1.628	2.315	1.278	0.123	1.835	0.041	2.857	1.742	0.406	0.920	0.377	1.450	1.373	3.049	2.120	0.442	1.009	0.379	0.922	1.730	1.276	2.571	1.778	0.112	0.719	1.665	1.684	0.290	0.744	0.325	2.107	0.329	0.383	2.262	1.209	0.921	2.620	0.335	1.521	0.299	1.478	0.196	1.938	3.077
	0.682	2.405	1.028	2.764	0.301	2.717	2.734	0.853	0.847	0.327	1.634	1.467	2.590	3.133	2.148	0.927	0.187	2.478	2.925	2.626	0.843	1.594	2.697	2.648	0.493
	2.770	0.460	2.099	2.758	1.295	2.016	1.454	2.413	0.276	2.891	2.280	1.962	1.027	0.038	1.920	0.366	2.659	2.644	0.735	0.565	0.884	1.111	1.642	3.128	2.579	1.680	0.327	2.450	2.018	1.887	3.020	2.345	3.080	1.012	0.966	2.704	1.016	1.046	1.056	1.436	0.768	2.212	0.474	2.449	0.867	0.147	0.307	0.142	1.197	0.918	2.732	0.871	1.154	0.123	2.949	2.704	1.534	1.670	0.153	1.359	2.173	1.766	0.855	2.725
	3.063	1.073	0.982	0.118	0.719	1.204	1.800	1.102	2.540
	2.200	0.608	0.571	1.923	2.119	1.104	1.688	2.205	0.537
	1.564	2.181	0.895	2.810	1.010	2.888	0.400	3.101	2.364	0.647	2.868	0.782	1.328	1.856	2.090	0.437	3.047	2.796	2.862	0.355	0.093	1.139	2.049	1.501	1.628	2.417	1.774	2.185	2.528	0.352	0.149	1.989	0.265	0.855	0.967	0.715
