Nodes: 30
Max Connections: 20

beami
	6	8	14	17	23
	15
	27
	6	8	9	15	16	17	18	26	29
	7	10	13	16	22	24	25	26
	6	22	24
	0	3	5	15	19
	4	14	17	18	26	28
	0	3	16	17
	3	22	24
	4	13	25	27
	16	21	26
	17	19	21
	4	10	14	19	20	29
	0	7	13	17
	1	3	6	20	25
	3	4	8	11	18	21	24	26	28
	0	3	7	8	12	14	22	24	26
	3	7	16	22	25	29
	6	12	13	20
	13	15	19
	11	12	16	24	26
	4	5	9	17	18	23
	0	22	25	27
	4	5	9	16	17	21	29
	4	10	15	18	23
	3	4	7	11	16	17	21	29
	2	10	23
	7	16	29
	3	13	18	24	26	28

beamk
	4000.000	4000.000	4000.000	4000.000	4000.000
	4000.000
	4000.000
	4000.000	4000.000	4000.000	4000.000	4000.000	4000.000	4000.000	4000.000	4000.000
	4000.000	4000.000	4000.000	4000.000	4000.000	4000.000	4000.000	4000.000
	4000.000	4000.000	4000.000
	4000.000	4000.000	4000.000	105.658	91.936
	4000.000	66.774	101.948	138.600	102.733	50.977
	4000.000	4000.000	72.651	124.599
	4000.000	149.396	108.911
	4000.000	90.670	69.596	52.830
	118.113	58.852	95.466
	82.327	84.194	111.416
	4000.000	90.670	129.110	99.166	87.768	124.321
	4000.000	66.774	129.110	138.977
	4000.000	4000.000	105.658	94.016	98.028
	4000.000	4000.000	72.651	118.113	68.024	62.944	134.526	71.304	118.597
	4000.000	4000.000	101.948	124.599	82.327	138.977	80.643	119.282	108.827
	4000.000	138.600	68.024	66.194	93.396	115.817
	91.936	84.194	99.166	146.459
	87.768	94.016	146.459
	58.852	111.416	62.944	104.087	89.047
	4000.000	4000.000	149.396	80.643	66.194	64.509
	4000.000	64.509	117.176	143.246
	4000.000	4000.000	108.911	134.526	119.282	104.087	140.179
	4000.000	69.596	98.028	93.396	117.176
	4000.000	4000.000	102.733	95.466	71.304	108.827	89.047	128.739
	4000.000	52.830	143.246
	50.977	118.597	50.850
	4000.000	124.321	115.817	140.179	128.739	50.850

beaml
	2.000	2.000	2.000	2.000	2.000
	2.000
	2.000
	2.000	2.000	2.000	2.000	2.000	2.000	2.000	2.000	2.000
	2.000	2.000	2.000	2.000	2.000	2.000	2.000	2.000
	2.000	2.000	2.000
	2.000	2.000	2.000	0.786	0.724
	2.000	0.468	0.523	0.509	0.238	0.663
	2.000	2.000	0.533	0.256
	2.000	0.706	0.696
	2.000	0.273	0.311	0.248
	0.390	0.522	0.547
	0.502	0.379	0.757
	2.000	0.273	0.777	0.325	0.355	0.231
	2.000	0.468	0.777	0.645
	2.000	2.000	0.786	0.753	0.568
	2.000	2.000	0.533	0.390	0.560	0.339	0.716	0.422	0.478
	2.000	2.000	0.523	0.256	0.502	0.645	0.515	0.620	0.632
	2.000	0.509	0.560	0.509	0.331	0.396
	0.724	0.379	0.325	0.711
	0.355	0.753	0.711
	0.522	0.757	0.339	0.415	0.798
	2.000	2.000	0.706	0.515	0.509	0.757
	2.000	0.757	0.580	0.542
	2.000	2.000	0.696	0.716	0.620	0.415	0.465
	2.000	0.311	0.568	0.331	0.580
	2.000	2.000	0.238	0.547	0.422	0.632	0.798	0.615
	2.000	0.248	0.542
	0.663	0.478	0.241
	2.000	0.231	0.396	0.465	0.615	0.241

fail
	F	F	F	F	F
	F
	F
	F	F	F	F	F	F	F	F	F
	F	F	F	F	F	F	F	F
	F	F	F
	F	F	F	F	F
	F	T	F	F	T	F
	F	F	T	F
	F	F	F
	F	F	F	T
	F	F	F
	F	F	F
	F	F	F	F	F	F
	F	T	F	F
	F	F	F	F	F
	F	F	T	F	F	T	F	T	F
	F	F	F	F	F	F	F	F	T
	F	F	F	F	F	F
	F	F	F	F
	F	F	F
	F	F	T	F	F
	F	F	F	F	F	F
	F	F	F	F
	F	F	F	F	F	F	F
	F	F	F	F	F
	F	F	T	F	T	T	F	F
	F	T	F
	F	F	F
	F	F	F	F	F	F
