Nodes: 30
Max Connections: 20

beami
	6	8	9	12	14	15	17	18	20	21	24	28	29
	6	7	10	13	14	17	18	20	24	25	28
	6	8	10	14	17	18	19	22	23	25
	7	14	22	27	29
	8	9	11	12	13	14	16	21	23	25	28
	7	11	13	17	18	22	23	27
	0	1	2	7	8	9	12	13	18	19	20	21	25
	1	3	5	6	10	11	13	17	19	20	21	27	28	29
	0	2	4	6	9	12	13	14	15	16	18	19	20	21	22	23	26	27	28	29
	0	4	6	8	12	13	15	16	18	20	21	27	29
	1	2	7	13	18	21	25	26	27	28
	4	5	7	12	17	18	20	21	23
	0	4	6	8	9	11	13	14	15	21	22	24	29
	1	4	5	6	7	8	9	10	12	17	18	21	24	27
	0	1	2	3	4	8	12	15	16	17	22	23	24	25	29
	0	8	9	12	14	16	17	19	21	24	29
	4	8	9	14	15	17	19	21	25	27	29
	0	1	2	5	7	11	13	14	15	16	18	19	21	23	24	27	28
	0	1	2	5	6	8	9	10	11	13	17	19	20	26	27
	2	6	7	8	15	16	17	18	20	22	24	25	26	27	29
	0	1	6	7	8	9	11	18	19	21	22	24	25	26
	0	4	6	7	8	9	10	11	12	13	15	16	17	20	22	23	26	27	28
	2	3	5	8	12	14	19	20	21	23	24	26	28
	2	4	5	8	11	14	17	21	22	25
	0	1	12	13	14	15	17	19	20	22	26	27	29
	1	2	4	6	10	14	16	19	20	23	26
	8	10	18	19	20	21	22	24	25	28	29
	3	5	7	8	9	10	13	16	17	18	19	21	24	28	29
	0	1	4	7	8	10	17	21	22	26	27
	0	3	7	8	9	12	14	15	16	19	24	26	27

beamk
	4000.000	4000.000	4000.000	4000.000	4000.000	4000.000	4000.000	4000.000	4000.000	4000.000	4000.000	4000.000	4000.000
	4000.000	4000.000	4000.000	4000.000	4000.000	4000.000	4000.000	4000.000	4000.000	4000.000	4000.000
	4000.000	4000.000	4000.000	4000.000	4000.000	4000.000	4000.000	4000.000	4000.000	4000.000
	4000.000	4000.000	4000.000	4000.000	4000.000
	4000.000	4000.000	4000.000	4000.000	4000.000	4000.000	4000.000	4000.000	4000.000	4000.000	4000.000
	4000.000	4000.000	4000.000	4000.000	4000.000	4000.000	4000.000	4000.000
	4000.000	4000.000	4000.000	140.743	127.746	78.977	140.871	108.646	97.945	71.616	99.694	139.808	53.765
	4000.000	4000.000	4000.000	140.743	76.601	53.113	95.352	66.662	99.726	57.059	143.368	128.884	131.997	78.385
	4000.000	4000.000	4000.000	127.746	71.019	110.632	60.358	67.417	60.785	120.246	80.187	120.287	143.410	52.605	143.097	103.729	146.336	78.701	95.393	64.368
	4000.000	4000.000	78.977	71.019	91.734	85.144	79.583	118.540	55.537	80.168	72.458	102.561	51.456
	4000.000	4000.000	76.601	74.549	126.406	127.490	106.504	138.089	111.408	119.872
	4000.000	4000.000	53.113	141.873	98.920	77.198	118.467	66.385	74.214
	4000.000	4000.000	140.871	110.632	91.734	141.873	121.578	114.721	69.500	67.787	88.657	66.191	74.646
	4000.000	4000.000	4000.000	108.646	95.352	60.358	85.144	74.549	121.578	110.946	130.446	92.064	145.114	54.895
	4000.000	4000.000	4000.000	4000.000	4000.000	67.417	114.721	96.127	114.064	87.294	93.127	135.191	95.042	93.550	118.349
	4000.000	60.785	79.583	69.500	96.127	64.476	128.541	84.620	81.759	95.737	100.951
	4000.000	120.246	118.540	114.064	64.476	97.824	104.838	122.434	104.882	119.822	139.758
	4000.000	4000.000	4000.000	4000.000	66.662	98.920	110.946	87.294	128.541	97.824	98.732	149.683	116.154	75.045	147.479	81.201	149.102
	4000.000	4000.000	4000.000	4000.000	97.945	80.187	55.537	126.406	77.198	130.446	98.732	103.850	128.449	68.839	135.190
	4000.000	71.616	99.726	120.287	84.620	104.838	149.683	103.850	112.148	139.455	77.773	110.933	133.852	105.502	114.677
	4000.000	4000.000	99.694	57.059	143.410	80.168	118.467	128.449	112.148	74.799	55.914	115.433	63.329	51.854
	4000.000	4000.000	139.808	143.368	52.605	72.458	127.490	66.385	67.787	92.064	81.759	122.434	116.154	74.799	144.636	146.401	139.363	85.037	115.901
	4000.000	4000.000	4000.000	143.097	88.657	93.127	139.455	55.914	144.636	120.825	126.622	81.162	127.538
	4000.000	4000.000	4000.000	103.729	74.214	135.191	75.045	146.401	120.825	143.519
	4000.000	4000.000	66.191	145.114	95.042	95.737	147.479	77.773	115.433	126.622	140.464	106.365	132.321
	4000.000	4000.000	4000.000	53.765	106.504	93.550	104.882	110.933	63.329	143.519	108.943
	146.336	138.089	68.839	133.852	51.854	139.363	81.162	140.464	108.943	127.089	124.207
	4000.000	4000.000	128.884	78.701	102.561	111.408	54.895	119.822	81.201	135.190	105.502	85.037	106.365	117.727	78.355
	4000.000	4000.000	4000.000	131.997	95.393	119.872	149.102	115.901	127.538	127.089	117.727
	4000.000	4000.000	78.385	64.368	51.456	74.646	118.349	100.951	139.758	114.677	132.321	124.207	78.355

beaml
	2.000	2.000	2.000	2.000	2.000	2.000	2.000	2.000	2.000	2.000	2.000	2.000	2.000
	2.000	2.000	2.000	2.000	2.000	2.000	2.000	2.000	2.000	2.000	2.000
	2.000	2.000	2.000	2.000	2.000	2.000	2.000	2.000	2.000	2.000
	2.000	2.000	2.000	2.000	2.000
	2.000	2.000	2.000	2.000	2.000	2.000	2.000	2.000	2.000	2.000	2.000
	2.000	2.000	2.000	2.000	2.000	2.000	2.000	2.000
	2.000	2.000	2.000	0.380	0.500	0.564	0.402	0.380	0.218	0.771	0.733	0.678	0.718
	2.000	2.000	2.000	0.380	0.378	0.784	0.716	0.621	0.377	0.439	0.266	0.733	0.717	0.389
	2.000	2.000	2.000	0.500	0.791	0.372	0.549	0.788	0.254	0.250	0.487	0.379	0.549	0.676	0.434	0.606	0.689	0.754	0.575	0.752
	2.000	2.000	0.564	0.791	0.752	0.502	0.708	0.406	0.492	0.716	0.313	0.722	0.251
	2.000	2.000	0.378	0.419	0.262	0.253	0.651	0.366	0.634	0.604
	2.000	2.000	0.784	0.210	0.590	0.233	0.678	0.417	0.342
	2.000	2.000	0.402	0.372	0.752	0.210	0.532	0.442	0.527	0.552	0.650	0.701	0.308
	2.000	2.000	2.000	0.380	0.716	0.549	0.502	0.419	0.532	0.281	0.608	0.531	0.791	0.428
	2.000	2.000	2.000	2.000	2.000	0.788	0.442	0.259	0.661	0.662	0.406	0.737	0.220	0.752	0.626
	2.000	0.254	0.708	0.527	0.259	0.685	0.546	0.574	0.713	0.534	0.407
	2.000	0.250	0.406	0.661	0.685	0.447	0.763	0.543	0.256	0.404	0.348
	2.000	2.000	2.000	2.000	0.621	0.590	0.281	0.662	0.546	0.447	0.743	0.350	0.387	0.596	0.339	0.444	0.686
	2.000	2.000	2.000	2.000	0.218	0.487	0.492	0.262	0.233	0.608	0.743	0.258	0.296	0.561	0.687
	2.000	0.771	0.377	0.379	0.574	0.763	0.350	0.258	0.646	0.372	0.617	0.340	0.211	0.624	0.794
	2.000	2.000	0.733	0.439	0.549	0.716	0.678	0.296	0.646	0.432	0.220	0.538	0.475	0.558
	2.000	2.000	0.678	0.266	0.676	0.313	0.253	0.417	0.552	0.531	0.713	0.543	0.387	0.432	0.712	0.315	0.391	0.540	0.575
	2.000	2.000	2.000	0.434	0.650	0.406	0.372	0.220	0.712	0.296	0.376	0.259	0.779
	2.000	2.000	2.000	0.606	0.342	0.737	0.596	0.315	0.296	0.692
	2.000	2.000	0.701	0.791	0.220	0.534	0.339	0.617	0.538	0.376	0.494	0.269	0.285
	2.000	2.000	2.000	0.718	0.651	0.752	0.256	0.340	0.475	0.692	0.461
	0.689	0.366	0.561	0.211	0.558	0.391	0.259	0.494	0.461	0.478	0.255
	2.000	2.000	0.733	0.754	0.722	0.634	0.428	0.404	0.444	0.687	0.624	0.540	0.269	0.747	0.697
	2.000	2.000	2.000	0.717	0.575	0.604	0.686	0.575	0.779	0.478	0.747
	2.000	2.000	0.389	0.752	0.251	0.308	0.626	0.407	0.348	0.794	0.285	0.255	0.697

fail
	F	F	F	F	F	F	F	F	F	F	F	F	F
	F	F	F	F	F	F	F	F	F	F	F
	F	F	F	F	F	F	F	F	F	F
	F	F	F	F	F
	F	F	F	F	F	F	F	F	F	F	F
	F	F	F	F	F	F	F	F
	F	F	F	T	T	T	T	F	T	T	T	T	T
	F	F	F	T	T	T	T	T	F	F	T	T	T	T
	F	F	F	T	T	T	T	T	T	T	T	T	T	T	T	T	T	T	T	T
	F	F	T	T	T	T	T	F	T	F	T	T	T
	F	F	T	T	T	T	T	T	T	T
	F	F	T	T	T	T	F	T	T
	F	F	T	T	T	T	F	T	F	T	T	T	T
	F	F	F	F	T	T	T	T	F	T	T	T	T	T
	F	F	F	F	F	T	T	T	T	T	T	T	F	T	T
	F	T	T	F	T	T	T	F	F	T	T
	F	T	F	T	T	T	F	T	T	T	T
	F	F	F	F	T	T	T	T	T	T	T	T	F	T	F	T	T
	F	F	F	F	T	T	T	T	T	T	T	T	T	T	T
	F	T	F	T	F	F	T	T	F	T	T	T	T	T	T
	F	F	T	F	T	F	F	T	F	T	T	T	F	T
	F	F	T	T	T	T	T	T	T	T	F	T	F	T	T	T	T	T	T
	F	F	F	T	T	T	T	T	T	T	F	T	T
	F	F	F	T	T	T	T	T	T	T
	F	F	T	T	F	T	F	T	T	F	F	T	T
	F	F	F	T	T	T	T	T	F	T	T
	T	T	T	T	T	T	T	F	T	T	T
	F	F	T	T	T	T	T	T	T	T	T	T	T	T	T
	F	F	F	T	T	T	T	T	T	T	T
	F	F	T	T	T	T	T	T	T	T	T	T	T
