Nodes: 30
Max Connections: 20

beami
	13	26	29
	20	29
	11	24	27
	14
	14	22	29
	24	25	28
	12	21	23
	9	24
	10	17	19	20
	7	23	27
	8	17	19	27	29
	2	20	25
	6	21	25
	0	14	23
	3	4	13	21
	22	28	29
	0
	8	10	18
	17	29
	8	10
	1	8	11	23	28
	6	12	14	23	25	28
	4	15
	6	9	13	20	21
	2	5	7	29
	5	11	12	21	29
	0
	2	9	10
	5	15	20	21
	0	1	4	10	15	18	24	25

beamk
	4266.540	4000.000	3709.833
	4000.000	4000.000
	3368.825	4591.438	4409.679
	4000.000
	4000.000	4529.298	3483.728
	3258.484	3623.565	4000.000
	113.426	63.839	88.793
	120.336	59.927
	102.106	59.091	123.658	94.234
	120.336	103.130	48.237
	95.170	108.689	59.285	105.608	131.207
	4000.000	82.277	52.047
	93.093	143.829	80.348
	4087.495	132.294	127.374
	4000.000	4000.000	125.289	84.984
	136.690	66.028	109.735
	0.000
	59.814	137.449	100.204
	109.478	144.785
	117.128	62.904
	3992.219	78.394	96.936	138.909	109.192
	69.586	126.410	77.456	96.096	93.671	57.603
	4215.942	136.690
	92.796	87.508	115.930	138.909	96.096
	4000.000	4000.000	51.726	68.646
	5102.712	67.692	80.348	93.671	86.020
	4000.000
	4000.000	72.860	105.608
	4000.000	66.028	110.109	53.312
	4000.000	4004.747	4763.767	131.207	129.753	127.389	79.509	96.809

beaml
	2.000	2.000	2.000
	2.000	2.000
	2.000	2.000	2.000
	2.000
	2.000	2.000	2.000
	2.000	2.000	2.000
	0.715	0.754	0.672
	0.711	0.524
	0.757	0.428	0.742	0.399
	0.711	0.525	0.257
	0.757	0.324	0.386	0.565	0.679
	2.000	0.351	0.275
	0.715	0.592	0.712
	2.000	0.295	0.230
	2.000	2.000	0.295	0.661
	0.564	0.433	0.234
	0.000
	0.428	0.324	0.754
	0.754	0.744
	0.742	0.386
	2.000	0.399	0.351	0.222	0.427
	0.754	0.592	0.661	0.586	0.351	0.327
	2.000	0.564
	0.672	0.525	0.230	0.222	0.586
	2.000	2.000	0.524	0.447
	2.000	0.275	0.712	0.351	0.696
	2.000
	2.000	0.257	0.565
	2.000	0.433	0.427	0.327
	2.000	2.000	2.000	0.679	0.234	0.744	0.447	0.696

fail
	F	F	F
	F	F
	F	F	F
	F
	F	F	F
	F	F	F
	F	F	F
	F	F
	F	F	F	F
	F	F	F
	F	F	F	F	F
	F	F	F
	F	F	F
	F	F	F
	F	F	F	F
	F	F	F
	F
	F	F	F
	F	F
	F	F
	F	F	F	F	F
	F	F	F	F	F	F
	F	F
	F	F	F	F	F
	F	F	F	F
	F	F	F	F	F
	F
	F	F	F
	F	F	F	F
	F	F	F	F	F	F	F	F
