Nodes: 30
Max Connections: 20

beami
	20	9	21	24	13	26
	7	10	26	29	20	11	25	28
	12	19	20	26	28	15	11	24	17	13	8
	15	23	24	25	26	10	16	13	18	20	22	9	6	11	27
	24	26	25	18	9	14	20	21	11	8
	18	29
	7	13	18	20	25	7	20	23	3	15	25	24	17	8	10	5	14
	1	6	16	25	27	16	11	19	20	23	3	17	29
	13	23	26	22	1	20	13	26	24	27	26	25	28	0
	15	24	0	12	22	29	12	27	22	23	19	29	2	7
	1	13	18	29	3	23	24	27	28	28	13	17	2	27	4
	21	26	23	3	22	13
	2	9	20	18	22	23	18	23	20	16	20	23	13	24	26	1	14
	8	6	10	18	6	0	8	10	17	4	18	2
	15	24	15	15	25
	3	16	27	9	14	22	24	18	2	21	7	16	27	5
	3	7	15	24	6	18	28	27	7
	20	24	13	29	5	10	24	15	2	20
	6	12	13	27	28	5	10	25	6	11	8	6	10	16	12	23	13	7	3
	2	16	3	13	12	21	23	7	1
	6	0	2	12	17	25	26	25	12	27	4	17	15
	0	11	27	27	11	10	8	4	27	25
	9	12	15	26	8	0	18	11	12	9
	3	8	10	12	27	10	29	19	0	10	6	9	27	8
	0	3	4	9	16	10	17	7	23	8	29	16	10	12	2	6
	4	6	18	26	3	20	6	19	24	6	7	20
	2	4	8	20	22	25	1	3	11	7	11	17	25	21
	15	23	28	10	18	21	15	29	20	21	15	21	0	22
	27	10	18	1	2	25	8	10	10	12
	1	9	5	10	10	23	0	13

beamk
	4000.000	4000.000	4000.000	4000.000	4000.000	4000.000
	4000.000	4000.000	4000.000	4000.000	4000.000	4000.000	4000.000	4000.000
	4000.000	4000.000	4000.000	4000.000	4000.000	4000.000	4000.000	4000.000	4000.000	4000.000	4000.000
	4000.000	4000.000	4000.000	4000.000	4000.000	4000.000	4000.000	4000.000	4000.000	4000.000	4000.000	4000.000	4000.000	4000.000	4000.000
	4000.000	4000.000	4000.000	4000.000	4000.000	4000.000	4000.000	4000.000	4000.000	4000.000
	4000.000	4000.000
	50.067	95.518	61.717	132.540	119.466	9.188	5.831	2.744	4000.000	4.422	119.466	102.180	2.976	2.258	2.131	4000.000	133.549
	4000.000	50.067	106.003	7.894	8.601	10.031	1.561	4.548	111.772	107.327	4000.000	10.461	149.846
	10.170	9.058	4.778	8.151	4000.000	6.867	134.498	4.778	4.290	10.117	59.510	8.545	5.111	4000.000
	6.103	6.169	4000.000	142.106	69.572	51.922	142.106	137.904	1.303	140.481	141.185	51.922	4000.000	10.492
	4000.000	3.698	3.643	3.306	4000.000	92.668	92.167	109.266	110.638	1.550	52.893	7.801	4000.000	7.204	4000.000
	2.223	76.924	9.016	4000.000	137.856	64.340
	4000.000	2.583	9.639	112.774	90.998	136.186	112.774	136.186	9.639	2.114	109.769	1.996	1.905	1.268	5.308	4000.000	10.852
	10.170	95.518	52.893	56.911	4.480	4000.000	134.498	52.893	6.424	4000.000	56.911	4000.000
	5.045	1.692	74.312	5.045	52.105
	4000.000	2.518	4.589	101.737	74.312	50.918	8.874	10.558	4000.000	2.670	4.168	87.361	56.497	4000.000
	4000.000	106.003	87.361	80.420	149.945	6.652	1.133	8.711	106.003
	10.192	5.537	6.424	8.950	4000.000	7.801	5.537	119.513	4000.000	55.909
	10.093	6.758	2.812	1.986	8.439	4000.000	97.249	51.836	10.093	6.956	9.065	61.717	3.643	6.652	112.774	3.866	2.812	10.764	4000.000
	4000.000	59.700	4000.000	3.419	7.981	9.286	109.074	4.548	4000.000
	5.831	4000.000	4000.000	109.769	55.909	138.337	140.961	138.337	109.769	1.257	4000.000	10.192	4.337
	4000.000	95.188	63.912	10.580	2.223	10.681	8.002	4000.000	63.912	76.752
	1.303	2.325	3.423	129.144	8.151	4000.000	114.545	137.856	2.325	69.572
	4000.000	9.058	8.978	1.996	105.534	92.668	8.705	109.074	4000.000	8.978	2.744	140.481	1.703	145.101
	4000.000	4000.000	4000.000	6.169	8.234	92.167	74.160	4.071	8.380	4.290	54.701	8.234	3.840	1.268	4000.000	102.180
	4000.000	8.486	8.406	8.777	4000.000	138.337	8.486	7.480	10.002	119.466	7.894	3.043
	4000.000	4000.000	4.778	2.971	3.545	8.777	4000.000	4000.000	76.924	10.039	1.768	8.494	8.777	4.916
	4.589	1.703	5.838	109.266	56.131	63.912	56.497	5.479	1.257	10.580	4.589	63.912	4000.000	9.175
	5.838	110.638	71.312	4000.000	4000.000	3.329	5.111	1.550	110.638	140.482
	4000.000	10.393	4000.000	61.794	61.794	8.705	4000.000	10.068

beaml
	2.000	2.000	2.000	2.000	2.000	2.000
	2.000	2.000	2.000	2.000	2.000	2.000	2.000	2.000
	2.000	2.000	2.000	2.000	2.000	2.000	2.000	2.000	2.000	2.000	2.000
	2.000	2.000	2.000	2.000	2.000	2.000	2.000	2.000	2.000	2.000	2.000	2.000	2.000	2.000	2.000
	2.000	2.000	2.000	2.000	2.000	2.000	2.000	2.000	2.000	2.000
	2.000	2.000
	0.304	0.380	0.378	0.346	0.369	0.262	0.264	0.299	2.000	0.237	0.369	0.733	0.215	0.218	0.254	2.000	0.754
	2.000	0.304	0.664	0.276	0.201	0.243	0.209	0.291	0.295	0.791	2.000	0.290	0.229
	0.290	0.288	0.235	0.231	2.000	0.298	0.212	0.235	0.248	0.291	0.393	0.240	0.203	2.000
	0.266	0.230	2.000	0.296	0.679	0.280	0.296	0.259	0.249	0.498	0.583	0.280	2.000	0.216
	2.000	0.245	0.200	0.287	2.000	0.331	0.686	0.240	0.252	0.219	0.254	0.278	2.000	0.275	2.000
	0.263	0.488	0.213	2.000	0.560	0.719
	2.000	0.211	0.264	0.572	0.507	0.736	0.572	0.736	0.264	0.274	0.488	0.225	0.289	0.248	0.226	2.000	0.252
	0.290	0.380	0.254	0.562	0.242	2.000	0.212	0.254	0.223	2.000	0.562	2.000
	0.232	0.288	0.637	0.232	0.528
	2.000	0.207	0.259	0.274	0.637	0.624	0.257	0.268	2.000	0.240	0.208	0.513	0.270	2.000
	2.000	0.664	0.513	0.739	0.233	0.202	0.285	0.239	0.664
	0.251	0.237	0.223	0.214	2.000	0.278	0.237	0.400	2.000	0.221
	0.278	0.221	0.263	0.287	0.295	2.000	0.396	0.216	0.278	0.204	0.282	0.378	0.200	0.202	0.572	0.293	0.263	0.220	2.000
	2.000	0.469	2.000	0.291	0.284	0.201	0.553	0.291	2.000
	0.264	2.000	2.000	0.488	0.221	0.538	0.790	0.538	0.488	0.258	2.000	0.251	0.226
	2.000	0.429	0.275	0.234	0.263	0.243	0.200	2.000	0.275	0.289
	0.249	0.254	0.246	0.792	0.231	2.000	0.438	0.560	0.254	0.679
	2.000	0.288	0.244	0.225	0.493	0.331	0.222	0.553	2.000	0.244	0.299	0.498	0.296	0.625
	2.000	2.000	2.000	0.230	0.270	0.686	0.331	0.271	0.204	0.248	0.642	0.270	0.238	0.248	2.000	0.733
	2.000	0.204	0.272	0.284	2.000	0.538	0.204	0.279	0.208	0.369	0.276	0.257
	2.000	2.000	0.235	0.256	0.209	0.284	2.000	2.000	0.488	0.211	0.297	0.225	0.284	0.224
	0.259	0.296	0.220	0.240	0.783	0.275	0.270	0.259	0.258	0.234	0.259	0.275	2.000	0.243
	0.220	0.252	0.409	2.000	2.000	0.284	0.203	0.219	0.252	0.277
	2.000	0.280	2.000	0.232	0.232	0.222	2.000	0.262