Nodes: 30
Max Connections: 20

beami
	6	12	17	23	24	27	29
	7	8	9	10	12	15	16	17	20	21	22	27	29
	7	9	12	13	14	15	16	17	18	24	25
	7	9	13	15	16	17	18	21	22	23	24	26	27
	6	8	12	13	14	15	16	17	20	22	29
	6	7	9	10	11	12	14	15	16	18	20	21	23	24	25	26
	0	4	5	9	11	12	14	15	16	18	21	24	25	26	28	29
	1	2	3	5	8	9	10	17	18	19	20	21	23	26
	1	4	7	9	10	11	12	13	17	18	19	20	23	24	25
	1	2	3	5	6	7	8	10	11	12	13	15	16	22	23	25	26	29
	1	5	7	8	9	12	14	16	19	20	21	25	27	29
	5	6	8	9	13	15	16	21	22	24	28
	0	1	2	4	5	6	8	9	10	14	15	17	18	24	28
	2	3	4	8	9	11	14	15	17	18	20	23	29
	2	4	5	6	10	12	13	15	16	17	18	22	24	27
	1	2	3	4	5	6	9	11	12	13	14	16	18	20	23	26	29
	1	2	3	4	5	6	9	10	11	14	15	19	20	22	28	29
	0	1	2	3	4	7	8	12	13	14	18	19	20	21	28	29
	2	3	5	6	7	8	12	13	14	15	17	21	22	24	27	29
	7	8	10	16	17	21	22	24	27	28
	1	4	5	7	8	10	13	15	16	17	21	23	24	25	26	28	29
	1	3	5	6	7	10	11	17	18	19	20	26	29
	1	3	4	9	11	14	16	18	19	23	24	26
	0	3	5	7	8	9	13	15	20	22	25
	0	2	3	5	6	8	11	12	14	18	19	20	22	28
	2	5	6	8	9	10	20	23	27	28
	3	5	6	7	9	15	20	21	22	29
	0	1	3	10	14	18	19	25	28
	6	11	12	16	17	19	20	24	25	27	29
	0	1	4	6	9	10	13	15	16	17	18	20	21	26	28

beamk
	4000.000	4000.000	4000.000	4000.000	4000.000	4000.000	4000.000
	4000.000	4000.000	4000.000	4000.000	4000.000	4000.000	4000.000	4000.000	4000.000	4000.000	4000.000	4000.000	4000.000
	4000.000	4000.000	4000.000	4000.000	4000.000	4000.000	4000.000	4000.000	4000.000	4000.000	4000.000
	4000.000	4000.000	4000.000	4000.000	4000.000	4000.000	4000.000	4000.000	4000.000	4000.000	4000.000	4000.000	4000.000
	4000.000	4000.000	4000.000	4000.000	4000.000	4000.000	4000.000	4000.000	4000.000	4000.000	4000.000
	4000.000	4000.000	4000.000	4000.000	4000.000	4000.000	4000.000	4000.000	4000.000	4000.000	4000.000	4000.000	4000.000	4000.000	4000.000	4000.000
	4000.000	4000.000	4000.000	75.973	137.358	73.324	71.995	91.279	143.241	81.525	80.105	133.047	71.749	94.496	140.275	81.664
	4000.000	4000.000	4000.000	4000.000	127.635	114.505	143.762	87.241	108.990	53.485	64.969	80.049	77.594	141.711
	4000.000	4000.000	127.635	134.903	147.380	61.952	96.409	115.108	112.499	125.711	127.762	82.667	83.336	57.753	91.158
	4000.000	4000.000	4000.000	4000.000	75.973	114.505	134.903	89.508	97.133	132.353	59.672	145.986	116.519	51.261	129.310	97.932	145.065	116.586
	4000.000	4000.000	143.762	147.380	89.508	59.942	112.089	83.577	75.772	84.196	132.128	104.612	84.751	139.255
	4000.000	137.358	61.952	97.133	111.906	56.680	82.452	55.105	54.006	85.474	93.047
	4000.000	4000.000	4000.000	4000.000	4000.000	73.324	96.409	132.353	59.942	54.144	60.824	61.171	118.084	115.247	111.456
	4000.000	4000.000	4000.000	115.108	59.672	111.906	141.188	145.332	81.754	92.925	134.436	111.393	66.950
	4000.000	4000.000	4000.000	71.995	112.089	54.144	141.188	82.933	115.349	67.512	85.404	121.423	134.814	96.150
	4000.000	4000.000	4000.000	4000.000	4000.000	91.279	145.986	56.680	60.824	145.332	82.933	107.514	73.769	91.018	133.732	116.471	78.136
	4000.000	4000.000	4000.000	4000.000	4000.000	143.241	116.519	83.577	82.452	115.349	107.514	95.933	53.447	96.914	61.092	145.468
	4000.000	4000.000	4000.000	4000.000	4000.000	87.241	112.499	61.171	81.754	67.512	111.938	63.223	67.287	79.624	132.127	92.369
	4000.000	4000.000	4000.000	81.525	108.990	125.711	118.084	92.925	85.404	73.769	111.938	111.111	61.844	73.846	138.259	83.409
	53.485	127.762	75.772	95.933	63.223	139.553	121.680	71.125	122.182	136.185
	4000.000	4000.000	4000.000	64.969	82.667	84.196	134.436	91.018	53.447	67.287	62.331	96.999	132.036	117.297	67.515	53.638	114.438
	4000.000	4000.000	4000.000	80.105	80.049	132.128	55.105	79.624	111.111	139.553	62.331	105.019	100.168
	4000.000	4000.000	4000.000	51.261	54.006	121.423	96.914	61.844	121.680	147.167	129.203	107.436
	4000.000	4000.000	4000.000	77.594	83.336	129.310	111.393	133.732	96.999	147.167	137.568
	4000.000	4000.000	4000.000	4000.000	133.047	57.753	85.474	115.247	134.814	73.846	71.125	132.036	129.203	127.365
	4000.000	4000.000	71.749	91.158	97.932	104.612	117.297	137.568	60.029	142.882
	4000.000	4000.000	94.496	141.711	145.065	116.471	67.515	105.019	107.436	62.526
	4000.000	4000.000	4000.000	84.751	96.150	138.259	122.182	60.029	60.443
	140.275	93.047	111.456	61.092	132.127	136.185	53.638	127.365	142.882	60.443	69.624
	4000.000	4000.000	4000.000	81.664	116.586	139.255	66.950	78.136	145.468	92.369	83.409	114.438	100.168	62.526	69.624

beaml
	2.000	2.000	2.000	2.000	2.000	2.000	2.000
	2.000	2.000	2.000	2.000	2.000	2.000	2.000	2.000	2.000	2.000	2.000	2.000	2.000
	2.000	2.000	2.000	2.000	2.000	2.000	2.000	2.000	2.000	2.000	2.000
	2.000	2.000	2.000	2.000	2.000	2.000	2.000	2.000	2.000	2.000	2.000	2.000	2.000
	2.000	2.000	2.000	2.000	2.000	2.000	2.000	2.000	2.000	2.000	2.000
	2.000	2.000	2.000	2.000	2.000	2.000	2.000	2.000	2.000	2.000	2.000	2.000	2.000	2.000	2.000	2.000
	2.000	2.000	2.000	0.533	0.307	0.586	0.222	0.780	0.785	0.376	0.237	0.504	0.428	0.568	0.237	0.485
	2.000	2.000	2.000	2.000	0.445	0.733	0.517	0.372	0.600	0.368	0.310	0.500	0.279	0.715
	2.000	2.000	0.445	0.423	0.646	0.400	0.421	0.511	0.342	0.648	0.598	0.509	0.719	0.387	0.455
	2.000	2.000	2.000	2.000	0.533	0.733	0.423	0.484	0.259	0.713	0.580	0.368	0.586	0.359	0.251	0.445	0.504	0.723
	2.000	2.000	0.517	0.646	0.484	0.773	0.412	0.448	0.283	0.244	0.489	0.411	0.310	0.684
	2.000	0.307	0.400	0.259	0.245	0.415	0.498	0.508	0.561	0.334	0.527
	2.000	2.000	2.000	2.000	2.000	0.586	0.421	0.713	0.773	0.355	0.570	0.402	0.397	0.298	0.767
	2.000	2.000	2.000	0.511	0.580	0.245	0.466	0.621	0.307	0.509	0.308	0.279	0.575
	2.000	2.000	2.000	0.222	0.412	0.355	0.466	0.523	0.495	0.532	0.228	0.693	0.495	0.250
	2.000	2.000	2.000	2.000	2.000	0.780	0.368	0.415	0.570	0.621	0.523	0.657	0.341	0.294	0.580	0.650	0.224
	2.000	2.000	2.000	2.000	2.000	0.785	0.586	0.448	0.498	0.495	0.657	0.482	0.339	0.315	0.581	0.504
	2.000	2.000	2.000	2.000	2.000	0.372	0.342	0.402	0.307	0.532	0.354	0.499	0.205	0.481	0.440	0.385
	2.000	2.000	2.000	0.376	0.600	0.648	0.397	0.509	0.228	0.341	0.354	0.675	0.284	0.275	0.645	0.360
	0.368	0.598	0.283	0.482	0.499	0.501	0.742	0.565	0.203	0.799
	2.000	2.000	2.000	0.310	0.509	0.244	0.308	0.294	0.339	0.205	0.552	0.476	0.676	0.771	0.443	0.221	0.780
	2.000	2.000	2.000	0.237	0.500	0.489	0.508	0.481	0.675	0.501	0.552	0.753	0.421
	2.000	2.000	2.000	0.359	0.561	0.693	0.315	0.284	0.742	0.697	0.573	0.767
	2.000	2.000	2.000	0.279	0.719	0.251	0.279	0.580	0.476	0.697	0.205
	2.000	2.000	2.000	2.000	0.504	0.387	0.334	0.298	0.495	0.275	0.565	0.676	0.573	0.583
	2.000	2.000	0.428	0.455	0.445	0.411	0.771	0.205	0.372	0.662
	2.000	2.000	0.568	0.715	0.504	0.650	0.443	0.753	0.767	0.488
	2.000	2.000	2.000	0.310	0.250	0.645	0.203	0.372	0.392
	0.237	0.527	0.767	0.581	0.440	0.799	0.221	0.583	0.662	0.392	0.641
	2.000	2.000	2.000	0.485	0.723	0.684	0.575	0.224	0.504	0.385	0.360	0.780	0.421	0.488	0.641

fail
	F	F	F	F	F	F	F
	F	F	F	F	F	F	F	F	F	F	F	F	F
	F	F	F	F	F	F	F	F	F	F	F
	F	F	F	F	F	F	F	F	F	F	F	F	F
	F	F	F	F	F	F	F	F	F	F	F
	F	F	F	F	F	F	F	F	F	F	F	F	F	F	F	F
	F	F	F	T	F	T	T	T	T	T	T	T	T	T	T	T
	F	F	F	F	T	T	T	T	T	T	T	T	T	F
	F	F	T	T	T	T	F	T	T	T	F	T	T	T	T
	F	F	F	F	T	T	T	T	T	T	T	T	T	F	T	T	F	T
	F	F	T	T	T	T	T	T	T	F	F	T	T	F
	F	F	T	T	T	T	T	T	T	F	T
	F	F	F	F	F	T	F	T	T	T	T	T	T	T	T
	F	F	F	T	T	T	T	T	F	T	T	T	T
	F	F	F	T	T	T	T	T	T	T	T	T	T	T
	F	F	F	F	F	T	T	T	T	T	T	T	F	F	T	T	F
	F	F	F	F	F	T	T	T	T	T	T	T	T	T	F	T
	F	F	F	F	F	T	T	T	F	T	T	F	F	T	T	T
	F	F	F	T	T	T	T	T	T	F	T	T	T	F	T	T
	T	F	T	T	F	F	T	T	T	F
	F	F	F	T	T	F	T	F	T	F	T	T	T	T	T	T	T
	F	F	F	T	T	F	T	T	T	F	T	T	T
	F	F	F	F	T	T	T	T	T	T	T	T
	F	F	F	T	T	T	T	T	T	T	T
	F	F	F	F	T	T	F	T	T	F	T	T	T	T
	F	F	T	T	T	T	T	T	F	F
	F	F	T	F	F	T	T	T	T	T
	F	F	F	T	T	T	T	F	T
	T	T	T	F	T	F	T	T	F	T	T
	F	F	F	T	T	F	T	F	T	T	T	T	T	T	T
