Nodes: 30
Max Connections: 20

beami
	9	24	20	21	19	29	25
	26	29	7	10	28	24	12	19	8	15
	19	20	26	12	17	15	9	10	28	13	24
	10	23	24	25	26	15	16	22	7	27	6	9	11
	24	25	26	21	10	9	20	29	7	11	18
	18	29	17	12
	7	13	20	25	18	16	13	18	7	1	20	13	17
	1	6	16	20	19	6	26	16	18	24	28
	13	23	26	22	27	23	20	2	28	23
	12	22	0	15	24	29	3	15	29	24	24
	1	24	27	29	3	13	18	23	28	27	24	26	16	13	7	18	23	27
	21	26	22	24	4	1	23	18	21
	2	20	22	23	9	18	14	22	22	5	20	20	9	28
	6	8	10	18	18	0	14	6	2	29
	15	18	3	22	15	19
	3	27	9	14	16	22	24	14	5	7	2	27	14	9	29	17
	3	24	7	15	24	12	24
	20	24	24	19	26	18	7	21	23	22	8	20
	5	6	10	25	28	12	13	27	27	23	15	28	16	10	21	25	25	7	0	22	13	28
	2	14	21	16	4
	6	17	25	0	2	12	26	25	8	12	3
	0	11	27	11	26	24	25	17	29	28	27
	12	15	9	26	26	24	7	27	8	17	15
	3	27	8	10	12	12	17	18	24	28	13	8
	0	4	16	17	3	9	10	1	22	15	16	9	21	8	7	16
	3	6	26	4	18	20	18	28	26	20	19
	1	2	3	8	20	22	4	11	25	27	22	25	19	7	25	20	11	21
	10	15	18	23	21	28	28	15	19	18	20	24	16	21	29	15	17
	10	27	18	18	16	27	18	8	3	13
	1	5	9	10	27	0	7	15	24	22

beamk
	4000.000	4000.000	4000.000	4000.000	4000.000	4000.000	4000.000
	4000.000	4000.000	4000.000	4000.000	4000.000	4000.000	4000.000	4000.000	4000.000	4000.000
	4000.000	4000.000	4000.000	4000.000	4000.000	4000.000	4000.000	4000.000	4000.000	4000.000	4000.000
	4000.000	4000.000	4000.000	4000.000	4000.000	4000.000	4000.000	4000.000	4000.000	4000.000	4000.000	4000.000	4000.000
	4000.000	4000.000	4000.000	4000.000	4000.000	4000.000	4000.000	4000.000	4000.000	4000.000	4000.000
	4000.000	4000.000	4000.000	4000.000
	9.188	4.480	5.831	8.486	61.717	149.945	4.480	61.717	9.188	4000.000	5.831	95.518	2.976
	4000.000	9.188	10.031	111.772	4.548	9.188	10.039	10.031	10.764	4.071	1.769
	10.170	145.101	59.510	8.151	10.117	145.101	6.867	4000.000	5.111	9.058
	2.583	1.303	4000.000	101.737	149.499	51.922	4000.000	101.737	51.922	149.499	6.169
	4000.000	3.840	7.204	3.306	4000.000	52.893	97.249	92.668	110.638	7.204	92.167	2.721	5.452	52.893	2.468	97.249	92.668	109.266
	95.188	76.924	137.856	5.220	4000.000	4000.000	9.016	6.956	95.188
	4000.000	9.639	2.325	1.996	142.106	112.774	10.852	2.325	90.998	4000.000	109.769	9.639	2.583	140.482
	4.480	134.498	52.893	56.911	2.812	4000.000	7.938	95.518	4000.000	10.068
	5.045	105.907	4000.000	1.564	74.312	118.706
	4000.000	4.589	101.737	74.312	87.361	50.918	8.874	74.312	4000.000	4.168	4000.000	4.589	5.045	101.737	103.437	119.513
	4000.000	8.234	106.003	87.361	8.234	2.114	80.420
	10.192	5.537	5.537	4.299	8.494	7.327	10.461	8.690	118.618	65.182	5.995	10.192
	4000.000	10.093	3.643	8.406	8.439	112.774	56.911	56.131	56.131	3.866	10.558	71.312	6.652	3.643	145.090	51.836	8.406	10.764	4000.000	114.545	2.812	8.439
	4000.000	118.706	9.286	59.700	4000.000
	5.831	10.192	3.043	4000.000	4000.000	109.769	140.961	138.337	6.867	9.639	4000.000
	4000.000	95.188	63.912	2.223	4.916	117.678	76.752	8.690	9.147	9.110	10.580
	2.325	3.423	69.572	129.144	129.144	1.906	86.569	9.175	8.151	65.182	3.423
	4000.000	1.703	145.101	92.668	136.186	1.996	118.618	3.866	8.380	5.074	99.131	145.101
	4000.000	4000.000	8.234	5.537	4000.000	149.499	92.167	4000.000	1.906	8.874	80.420	6.169	117.678	4.290	4.071	8.234
	4000.000	8.486	8.777	4000.000	51.836	138.337	8.406	3.329	134.546	3.043	7.480
	4000.000	4000.000	4000.000	4.778	2.971	3.545	4000.000	76.924	134.546	6.814	129.144	8.777	9.974	10.039	134.546	2.971	1.768	4.916
	7.204	4.589	1.986	1.703	63.912	93.414	5.838	4.589	1.660	56.131	1.257	3.857	8.711	10.580	5.479	56.497	9.358
	1.550	5.838	71.312	8.439	1.133	5.838	71.312	5.111	4000.000	4.683
	4000.000	4000.000	51.922	61.794	5.479	4000.000	149.846	103.437	54.701	3.216

beaml
	2.000	2.000	2.000	2.000	2.000	2.000	2.000
	2.000	2.000	2.000	2.000	2.000	2.000	2.000	2.000	2.000	2.000
	2.000	2.000	2.000	2.000	2.000	2.000	2.000	2.000	2.000	2.000	2.000
	2.000	2.000	2.000	2.000	2.000	2.000	2.000	2.000	2.000	2.000	2.000	2.000	2.000
	2.000	2.000	2.000	2.000	2.000	2.000	2.000	2.000	2.000	2.000	2.000
	2.000	2.000	2.000	2.000
	0.262	0.242	0.264	0.204	0.378	0.233	0.242	0.378	0.262	2.000	0.264	0.380	0.215
	2.000	0.262	0.243	0.295	0.291	0.262	0.211	0.243	0.220	0.271	0.209
	0.290	0.625	0.393	0.231	0.291	0.625	0.298	2.000	0.203	0.288
	0.211	0.249	2.000	0.274	0.555	0.280	2.000	0.274	0.280	0.555	0.230
	2.000	0.238	0.275	0.287	2.000	0.254	0.396	0.331	0.252	0.275	0.686	0.214	0.287	0.254	0.231	0.396	0.331	0.240
	0.429	0.488	0.560	0.288	2.000	2.000	0.213	0.204	0.429
	2.000	0.264	0.254	0.225	0.296	0.572	0.252	0.254	0.507	2.000	0.488	0.264	0.211	0.277
	0.242	0.212	0.254	0.562	0.263	2.000	0.257	0.380	2.000	0.262
	0.232	0.215	2.000	0.236	0.637	0.400
	2.000	0.259	0.274	0.637	0.513	0.624	0.257	0.637	2.000	0.208	2.000	0.259	0.232	0.274	0.588	0.400
	2.000	0.270	0.664	0.513	0.270	0.274	0.739
	0.251	0.237	0.237	0.268	0.225	0.230	0.290	0.286	0.214	0.427	0.212	0.251
	2.000	0.278	0.200	0.272	0.295	0.572	0.562	0.783	0.783	0.293	0.268	0.409	0.202	0.200	0.607	0.216	0.272	0.220	2.000	0.438	0.263	0.295
	2.000	0.400	0.201	0.469	2.000
	0.264	0.251	0.257	2.000	2.000	0.488	0.790	0.538	0.298	0.264	2.000
	2.000	0.429	0.275	0.263	0.224	0.536	0.289	0.286	0.213	0.236	0.234
	0.254	0.246	0.679	0.792	0.792	0.268	0.374	0.243	0.231	0.427	0.246
	2.000	0.296	0.625	0.331	0.736	0.225	0.214	0.293	0.204	0.209	0.482	0.625
	2.000	2.000	0.270	0.237	2.000	0.555	0.686	2.000	0.268	0.257	0.739	0.230	0.536	0.248	0.271	0.270
	2.000	0.204	0.284	2.000	0.216	0.538	0.272	0.284	0.745	0.257	0.279
	2.000	2.000	2.000	0.235	0.256	0.209	2.000	0.488	0.745	0.277	0.792	0.284	0.257	0.211	0.745	0.256	0.297	0.224
	0.275	0.259	0.287	0.296	0.275	0.336	0.220	0.259	0.285	0.783	0.258	0.202	0.239	0.234	0.259	0.270	0.202
	0.219	0.220	0.409	0.295	0.285	0.220	0.409	0.203	2.000	0.208
	2.000	2.000	0.280	0.232	0.259	2.000	0.229	0.588	0.642	0.244