Nodes: 30
Max Connections: 20

beami
	9	10	12	15	18	19	24	26	28
	6	7	10	12	14	19	24	25	27	28	29
	7	8	10	14	15	16	17	19	21	22	24	26	28
	13	14	16	17	20	22	25	26	28	29
	8	10	12	13	14	15	18	19	27	28
	7	11	15	17	19	20	22	24	27
	1	11	13	16	17	19	21	22	23	28	29
	1	2	5	9	10	12	13	14	16	21	22	24	27	28
	2	4	13	16	19	20	21	23	24	25	26	29
	0	7	10	17	18	20	22	25	26	28
	0	1	2	4	7	9	12	13	19	20	21	24	29
	5	6	13	15	20	22	25	26	27	29
	0	1	4	7	10	19	21	22	23	27	29
	3	4	6	7	8	10	11	14	18	19	21	22	23	24	25	28	29
	1	2	3	4	7	13	17	18	19	20	25	28	29
	0	2	4	5	11	17	23	24	25	28	29
	2	3	6	7	8	18	22	23
	2	3	5	6	9	14	15	19	20	22	23	28
	0	4	9	13	14	16	20	22	23	24	28
	0	1	2	4	5	6	8	10	12	13	14	17	20	23	29
	3	5	8	9	10	11	14	17	18	19	22	24	29
	2	6	7	8	10	12	13	24	27	28
	2	3	5	6	7	9	11	12	13	16	17	18	20	28	29
	6	8	12	13	15	16	17	18	19	24	26	28
	0	1	2	5	7	8	10	13	15	18	20	21	23
	1	3	8	9	11	13	14	15	26	27	28	29
	0	2	3	8	9	11	23	25	29
	1	4	5	7	11	12	21	25
	0	1	2	3	4	6	7	9	13	14	15	17	18	21	22	23	25	29
	1	3	6	8	10	11	12	13	14	15	19	20	22	25	26	28

beamk
	4000.000	4000.000	4000.000	4000.000	4000.000	4000.000	4000.000	4000.000	4000.000
	4000.000	4000.000	4000.000	4000.000	4000.000	4416.823	4000.000	4000.000	4000.000	4000.000	4000.000
	4000.000	4000.000	4000.000	4000.000	4000.000	4000.000	4000.000	4000.000	4000.000	4000.000	4000.000	4000.000	4000.000
	4000.000	4000.000	4000.000	4000.000	3880.993	4000.000	4000.000	4000.000	4000.000	4000.000
	4000.000	4000.000	4000.000	4000.000	4000.000	4000.000	4000.000	4000.000	4000.000	4000.000
	3414.811	4000.000	4000.000	4000.000	4000.000	4000.000	4000.000	4000.000	4000.000
	4000.000	58.535	107.406	118.743	82.203	98.950	57.535	62.335	61.102	64.873	59.996
	4000.000	4000.000	4000.000	97.969	77.064	89.155	116.235	140.465	69.690	64.909	56.322	73.680	82.938	149.443
	4000.000	4000.000	64.733	117.264	68.432	62.215	95.153	86.286	66.755	95.877	70.902	124.002
	4779.135	115.060	73.554	89.523	64.671	63.733	89.841	92.027	67.779	128.083
	4000.000	4000.000	4000.000	4000.000	77.064	73.554	134.587	74.109	65.584	52.775	96.552	88.290	88.450
	4000.000	58.535	97.685	68.694	121.104	103.598	114.442	52.892	81.273	72.494
	4000.000	4000.000	4000.000	89.155	134.587	140.098	98.643	73.642	138.084	72.250	55.628
	4000.000	4000.000	107.406	116.505	83.158	74.109	97.685	139.515	69.874	109.123	106.075	107.909	148.346	136.289	119.423	64.221	137.667
	4000.000	4000.000	4000.000	4000.000	140.465	139.515	145.291	53.057	84.465	103.958	128.908	110.351	87.678
	3805.679	4000.000	4000.000	4000.000	68.694	97.294	95.890	60.317	57.463	61.759	122.111
	4000.000	4000.000	118.743	69.690	117.264	88.411	98.712	94.375
	4000.000	4000.000	4000.000	82.203	89.523	145.291	97.294	106.311	118.070	146.089	108.538	128.622
	4000.000	4000.000	64.671	69.874	53.057	88.411	122.071	149.470	119.390	75.682	107.563
	4000.000	4000.000	4000.000	4000.000	4000.000	98.950	68.432	65.584	140.098	109.123	84.465	106.311	147.868	78.430	112.149
	4000.000	4000.000	62.215	56.733	52.775	121.104	103.958	118.070	122.071	147.868	161.661	108.291	142.357
	4000.000	57.535	64.909	95.153	96.552	98.643	106.075	123.815	64.092	126.772
	4000.000	4000.000	4000.000	62.335	56.322	89.841	103.598	73.642	92.016	98.712	146.089	149.470	138.056	133.780	121.371
	61.102	86.286	138.084	148.346	95.890	94.375	108.538	119.390	78.430	106.830	97.052	76.096
	4000.000	4000.000	4000.000	4000.000	73.680	66.755	88.290	136.289	60.317	75.682	108.291	123.815	106.830
	4000.000	4000.000	95.877	93.777	114.442	101.306	128.908	60.553	70.812	117.188	139.820	54.810
	4000.000	4000.000	4000.000	70.902	67.779	52.892	97.052	70.812	87.306
	4000.000	4000.000	4000.000	82.938	81.273	61.970	64.092	117.188
	4000.000	4000.000	4000.000	4000.000	4000.000	64.873	149.443	128.083	64.221	110.351	61.759	128.622	107.563	126.772	133.780	76.096	139.820	51.286
	4000.000	4000.000	59.996	124.002	92.544	72.494	55.628	137.667	87.678	122.111	112.149	142.357	121.371	54.810	87.306	51.286

beaml
	2.000	2.000	2.000	2.000	2.000	2.000	2.000	2.000	2.000
	2.000	2.000	2.000	2.000	2.000	2.255	2.000	2.000	2.000	2.000	2.000
	2.000	2.000	2.000	2.000	2.000	2.000	2.000	2.000	2.000	2.000	2.000	2.000	2.000
	2.000	2.000	2.000	2.000	2.221	2.000	2.000	2.000	2.000	2.000
	2.000	2.000	2.000	2.000	2.000	2.000	2.000	2.000	2.000	2.000
	2.300	2.000	2.000	2.000	2.000	2.000	2.000	2.000	2.000
	2.000	0.600	0.372	0.742	0.280	0.670	0.364	0.344	0.287	0.242	0.364
	2.000	2.000	2.000	0.342	0.583	0.205	0.440	0.560	0.475	0.258	0.260	0.243	0.723	0.323
	2.000	2.000	0.288	0.794	0.454	0.372	0.295	0.357	0.282	0.370	0.367	0.622
	2.287	0.335	0.553	0.408	0.675	0.764	0.697	0.446	0.315	0.364
	2.000	2.000	2.000	2.000	0.583	0.553	0.469	0.677	0.206	0.570	0.264	0.234	0.253
	2.000	0.600	0.478	0.540	0.488	0.606	0.432	0.485	0.771	0.749
	2.000	2.000	2.000	0.205	0.469	0.435	0.488	0.211	0.443	0.699	0.670
	2.000	2.000	0.372	0.401	0.238	0.677	0.478	0.225	0.282	0.248	0.746	0.436	0.361	0.444	0.365	0.587	0.298
	2.000	2.000	2.000	2.000	0.560	0.225	0.794	0.530	0.278	0.268	0.453	0.685	0.213
	2.227	2.000	2.000	2.000	0.540	0.526	0.242	0.228	0.630	0.677	0.562
	2.000	2.000	0.742	0.475	0.794	0.258	0.509	0.659
	2.000	2.000	2.000	0.280	0.408	0.794	0.526	0.538	0.415	0.230	0.245	0.219
	2.000	2.000	0.675	0.282	0.530	0.258	0.422	0.529	0.694	0.342	0.742
	2.000	2.000	2.000	2.000	2.000	0.670	0.454	0.206	0.435	0.248	0.278	0.538	0.482	0.445	0.234
	2.000	2.000	0.372	0.789	0.570	0.488	0.268	0.415	0.422	0.482	0.825	0.312	0.713
	2.000	0.364	0.258	0.295	0.264	0.488	0.746	0.231	0.382	0.687
	2.000	2.000	2.000	0.344	0.260	0.697	0.606	0.211	0.514	0.509	0.230	0.529	0.739	0.652	0.205
	0.287	0.357	0.443	0.361	0.242	0.659	0.245	0.694	0.445	0.639	0.781	0.242
	2.000	2.000	2.000	2.000	0.243	0.282	0.234	0.444	0.228	0.342	0.312	0.231	0.639
	2.000	2.000	0.370	0.493	0.432	0.356	0.453	0.705	0.710	0.613	0.441	0.782
	2.000	2.000	2.000	0.367	0.315	0.485	0.781	0.710	0.761
	2.000	2.000	2.000	0.723	0.771	0.797	0.382	0.613
	2.000	2.000	2.000	2.000	2.000	0.242	0.323	0.364	0.587	0.685	0.677	0.219	0.742	0.687	0.652	0.242	0.441	0.310
	2.000	2.000	0.364	0.622	0.212	0.749	0.670	0.298	0.213	0.562	0.234	0.713	0.205	0.782	0.761	0.310

fail
	T	F	F	F	F	F	F	F	F
	F	F	F	F	F	T	F	F	F	F	F
	F	F	F	F	F	F	F	F	F	F	F	F	F
	F	F	F	F	T	F	F	F	F	F
	F	F	F	F	F	F	F	F	F	F
	T	F	F	F	F	F	F	F	F
	F	T	T	T	T	T	T	T	T	T	T
	F	F	F	T	T	T	F	T	F	T	T	T	T	T
	F	F	T	T	T	T	F	T	F	F	T	F
	F	T	T	T	T	T	T	T	T	T
	F	F	F	F	T	T	T	T	T	T	T	T	T
	F	T	F	T	F	T	F	T	T	T
	F	F	F	T	T	T	F	T	F	T	T
	F	F	T	T	T	T	F	F	T	F	T	F	T	T	T	T	T
	F	F	F	F	T	F	T	F	T	T	T	T	F
	F	F	F	F	T	T	T	T	F	T	T
	F	F	T	F	T	T	F	T
	F	F	F	T	T	T	T	T	T	T	T	T
	F	F	T	T	F	T	F	F	T	T	T
	F	F	F	F	F	T	T	T	T	F	T	T	T	F	T
	F	F	T	T	T	F	T	T	F	T	T	T	T
	F	T	T	F	T	F	T	T	T	T
	F	F	F	T	T	T	T	T	F	F	T	F	T	T	T
	T	T	F	T	T	T	T	T	F	T	T	T
	F	F	F	F	T	F	T	T	T	T	T	T	T
	F	F	F	T	F	T	T	T	T	T	F	F
	F	F	F	T	T	T	T	T	T
	F	F	F	T	T	T	T	T
	F	F	F	F	F	T	T	T	T	T	T	T	T	T	T	T	F	T
	F	F	T	F	T	T	T	T	F	T	T	T	T	F	T	T
