Nodes: 30
Max Connections: 20

beami
	9	11	13	14	16	17	19	21	22	24	25	27	28	29
	6	8	9	11	12	13	18	22	23	24	25	26	29
	7	8	9	10	12	13	14	17	19	21	23	24	25	26
	8	9	12	13	17	23	25	29
	9	11	13	14	15	21	23	25	26	27	28
	6	7	11	12	14	15	18	20	21	26	28
	1	5	7	8	9	10	16	17	18	19	20	21	24	25	26	29
	2	5	6	8	10	13	14	16	17	18	20	21	23	26	27	28
	1	2	3	6	7	13	14	18	19	20	22	23
	0	1	2	3	4	6	12	16	18	19	20	22	23	25	27	29
	2	6	7	11	12	14	16	18	23	25	27	28
	0	1	4	5	10	17	18	20	21	22	23	24	25	26	27	28	29
	1	2	3	5	9	10	13	14	16	17	19	21	23	24	27	29
	0	1	2	3	4	7	8	12	14	16	17	18	19	21	22	25	27	28
	0	2	4	5	7	8	10	12	13	17	18	20	21	23	24	25	26	28	29
	4	5	16	17	23
	0	6	7	9	10	12	13	15	17	18	19	22	23	24	28	29
	0	2	3	6	7	11	12	13	14	15	16	18	19	21	22	23	24	25	26	27
	1	5	6	7	8	9	10	11	13	14	16	17	24	26	27	29
	0	2	6	8	9	12	13	16	17	22	23	26	27
	5	6	7	8	9	11	14	26	29
	0	2	4	5	6	7	11	12	13	14	17	23	26	27
	0	1	8	9	11	13	16	17	19	26	27	29
	1	2	3	4	7	8	9	10	11	12	14	15	16	17	19	21	24	25	28
	0	1	2	6	11	12	14	16	17	18	23	27	28
	0	1	2	3	4	6	9	10	11	13	14	17	23	26	27
	1	2	4	5	6	7	11	14	17	18	19	20	21	22	25	27	28
	0	4	7	9	10	11	12	13	17	18	19	21	22	24	25	26	28
	0	4	5	7	10	11	13	14	16	23	24	26	27	29
	0	1	3	6	9	11	12	14	16	18	20	22	28

beamk
	4000.000	4000.000	4000.000	4000.000	4000.000	4000.000	4000.000	4000.000	4000.000	4000.000	4000.000	4000.000	4000.000	4000.000
	4000.000	4000.000	4000.000	4000.000	4000.000	4000.000	4000.000	4000.000	4000.000	4000.000	4000.000	4000.000	4000.000
	4000.000	4000.000	4000.000	4000.000	4000.000	4000.000	4000.000	4000.000	4000.000	4000.000	4000.000	4000.000	4000.000	4000.000
	4000.000	4000.000	4000.000	4000.000	4000.000	4000.000	4000.000	4000.000
	4000.000	4000.000	4000.000	4000.000	4000.000	4000.000	4000.000	4000.000	4000.000	4000.000	4000.000
	4000.000	4000.000	4000.000	4000.000	4000.000	4000.000	4000.000	4000.000	4000.000	4000.000	4000.000
	4000.000	4000.000	126.529	133.800	79.044	76.264	85.469	87.189	139.880	79.733	78.992	92.116	67.596	93.861	65.672	66.280
	4000.000	4000.000	126.529	103.470	127.136	52.075	94.191	145.026	79.525	83.122	112.827	111.679	146.411	118.271	132.215	118.983
	4000.000	4000.000	4000.000	133.800	103.470	142.256	122.705	139.251	135.662	104.694	133.823	80.204
	4000.000	4000.000	4000.000	4000.000	4000.000	79.044	146.282	50.134	112.678	67.372	91.943	109.989	98.084	62.910	97.006	128.159
	4000.000	76.264	127.136	105.175	67.853	58.803	69.478	80.815	70.178	148.119	70.129	119.219
	4000.000	4000.000	4000.000	4000.000	105.175	61.971	107.332	67.639	111.879	103.126	108.747	128.876	98.095	64.255	56.748	68.720	126.052
	4000.000	4000.000	4000.000	4000.000	146.282	67.853	51.375	57.599	120.598	79.345	116.895	76.203	127.319	146.039	55.470	131.064
	4000.000	4000.000	4000.000	4000.000	4000.000	52.075	142.256	51.375	55.633	57.977	66.198	122.514	93.084	115.956	112.970	111.998	146.534	125.166
	4000.000	4000.000	4000.000	4000.000	94.191	122.705	58.803	57.599	55.633	149.341	121.855	140.064	106.020	53.293	78.308	144.914	133.654	138.060	145.902
	4000.000	4000.000	77.400	58.757	122.954
	4000.000	85.469	145.026	50.134	69.478	120.598	57.977	77.400	147.273	124.402	84.674	76.981	85.738	52.289	56.178	138.077
	4000.000	4000.000	4000.000	87.189	79.525	61.971	79.345	66.198	149.341	58.757	147.273	114.891	75.360	128.309	127.890	54.870	90.608	92.897	145.483	51.661
	4000.000	4000.000	139.880	83.122	139.251	112.678	80.815	107.332	122.514	121.855	124.402	114.891	68.135	145.883	65.724	105.863
	4000.000	4000.000	79.733	135.662	67.372	116.895	93.084	84.674	75.360	74.046	85.524	145.100	106.250
	4000.000	78.992	112.827	104.694	91.943	67.639	140.064	80.109	101.166
	4000.000	4000.000	4000.000	4000.000	92.116	111.679	111.879	76.203	115.956	106.020	128.309	91.491	71.856	108.369
	4000.000	4000.000	133.823	109.989	103.126	112.970	76.981	127.890	74.046	78.828	67.833	105.596
	4000.000	4000.000	4000.000	4000.000	146.411	80.204	98.084	70.178	108.747	127.319	53.293	122.954	85.738	54.870	85.524	91.491	118.172	107.640	91.672
	4000.000	4000.000	4000.000	67.596	128.876	146.039	78.308	52.289	90.608	68.135	118.172	130.657	103.949
	4000.000	4000.000	4000.000	4000.000	4000.000	93.861	62.910	148.119	98.095	111.998	144.914	92.897	107.640	77.959	95.793
	4000.000	4000.000	4000.000	4000.000	65.672	118.271	64.255	133.654	145.483	145.883	145.100	80.109	71.856	78.828	77.959	100.312	112.003
	4000.000	4000.000	132.215	97.006	70.129	56.748	55.470	146.534	51.661	65.724	106.250	108.369	67.833	130.657	95.793	100.312	126.801
	4000.000	4000.000	4000.000	118.983	119.219	68.720	125.166	138.060	56.178	91.672	103.949	112.003	126.801	108.920
	4000.000	4000.000	4000.000	66.280	128.159	126.052	131.064	145.902	138.077	105.863	101.166	105.596	108.920

beaml
	2.000	2.000	2.000	2.000	2.000	2.000	2.000	2.000	2.000	2.000	2.000	2.000	2.000	2.000
	2.000	2.000	2.000	2.000	2.000	2.000	2.000	2.000	2.000	2.000	2.000	2.000	2.000
	2.000	2.000	2.000	2.000	2.000	2.000	2.000	2.000	2.000	2.000	2.000	2.000	2.000	2.000
	2.000	2.000	2.000	2.000	2.000	2.000	2.000	2.000
	2.000	2.000	2.000	2.000	2.000	2.000	2.000	2.000	2.000	2.000	2.000
	2.000	2.000	2.000	2.000	2.000	2.000	2.000	2.000	2.000	2.000	2.000
	2.000	2.000	0.279	0.351	0.421	0.792	0.244	0.447	0.423	0.274	0.347	0.637	0.225	0.218	0.571	0.793
	2.000	2.000	0.279	0.440	0.636	0.284	0.721	0.270	0.534	0.628	0.730	0.369	0.362	0.619	0.653	0.618
	2.000	2.000	2.000	0.351	0.440	0.360	0.444	0.527	0.689	0.690	0.583	0.396
	2.000	2.000	2.000	2.000	2.000	0.421	0.360	0.662	0.586	0.476	0.379	0.355	0.336	0.504	0.742	0.294
	2.000	0.792	0.636	0.791	0.577	0.358	0.315	0.480	0.264	0.234	0.463	0.571
	2.000	2.000	2.000	2.000	0.791	0.760	0.345	0.345	0.467	0.530	0.462	0.726	0.496	0.478	0.323	0.283	0.428
	2.000	2.000	2.000	2.000	0.360	0.577	0.534	0.305	0.413	0.676	0.259	0.623	0.699	0.782	0.641	0.248
	2.000	2.000	2.000	2.000	2.000	0.284	0.360	0.534	0.672	0.422	0.223	0.321	0.697	0.356	0.317	0.731	0.732	0.478
	2.000	2.000	2.000	2.000	0.721	0.444	0.358	0.305	0.672	0.723	0.244	0.547	0.702	0.442	0.214	0.472	0.764	0.562	0.558
	2.000	2.000	0.389	0.478	0.522
	2.000	0.244	0.270	0.662	0.315	0.413	0.422	0.389	0.563	0.743	0.224	0.355	0.633	0.523	0.568	0.425
	2.000	2.000	2.000	0.447	0.534	0.760	0.676	0.223	0.723	0.478	0.563	0.554	0.648	0.373	0.339	0.493	0.326	0.650	0.574	0.342
	2.000	2.000	0.423	0.628	0.527	0.586	0.480	0.345	0.321	0.244	0.743	0.554	0.680	0.639	0.506	0.278
	2.000	2.000	0.274	0.689	0.476	0.259	0.697	0.224	0.648	0.436	0.409	0.561	0.552
	2.000	0.347	0.730	0.690	0.379	0.345	0.547	0.635	0.244
	2.000	2.000	2.000	2.000	0.637	0.369	0.467	0.623	0.356	0.702	0.373	0.281	0.332	0.302
	2.000	2.000	0.583	0.355	0.530	0.317	0.355	0.339	0.436	0.358	0.699	0.563
	2.000	2.000	2.000	2.000	0.362	0.396	0.336	0.264	0.462	0.699	0.442	0.522	0.633	0.493	0.409	0.281	0.270	0.556	0.321
	2.000	2.000	2.000	0.225	0.726	0.782	0.214	0.523	0.326	0.680	0.270	0.482	0.795
	2.000	2.000	2.000	2.000	2.000	0.218	0.504	0.234	0.496	0.731	0.472	0.650	0.556	0.218	0.717
	2.000	2.000	2.000	2.000	0.571	0.619	0.478	0.764	0.574	0.639	0.561	0.635	0.332	0.358	0.218	0.416	0.714
	2.000	2.000	0.653	0.742	0.463	0.323	0.641	0.732	0.342	0.506	0.552	0.302	0.699	0.482	0.717	0.416	0.432
	2.000	2.000	2.000	0.618	0.571	0.283	0.478	0.562	0.568	0.321	0.795	0.714	0.432	0.415
	2.000	2.000	2.000	0.793	0.294	0.428	0.248	0.558	0.425	0.278	0.244	0.563	0.415

fail
	F	F	F	F	F	F	F	F	F	F	F	F	F	F
	F	F	F	F	F	F	F	F	F	F	F	F	F
	F	F	F	F	F	F	F	F	F	F	F	F	F	F
	F	F	F	F	F	F	F	F
	F	F	F	F	F	F	F	F	F	F	F
	F	F	F	F	F	F	F	F	F	F	F
	F	F	T	F	T	T	T	F	T	T	T	T	T	T	T	T
	F	F	T	T	F	T	T	F	T	T	T	T	T	T	F	T
	F	F	F	F	T	T	T	F	F	T	F	F
	F	F	F	F	F	T	T	T	T	T	T	T	T	T	T	T
	F	T	F	T	T	T	T	F	F	T	T	F
	F	F	F	F	T	T	F	T	T	F	T	T	T	T	T	F	T
	F	F	F	F	T	T	T	T	F	T	T	T	T	T	F	T
	F	F	F	F	F	T	T	T	T	T	T	F	T	T	T	T	T	T
	F	F	F	F	T	T	T	T	T	T	F	T	T	T	T	T	T	T	T
	F	F	T	T	T
	F	T	F	T	T	F	T	T	T	F	T	T	T	T	T	T
	F	F	F	F	T	T	T	T	T	T	T	F	T	T	F	T	T	T	T	F
	F	F	T	T	F	T	F	F	F	F	F	F	F	T	T	T
	F	F	T	F	T	T	T	T	T	T	T	T	F
	F	T	T	T	T	T	T	T	T
	F	F	F	F	T	T	T	T	T	T	T	T	T	T
	F	F	F	T	F	T	T	F	T	F	F	T
	F	F	F	F	T	F	T	F	T	T	T	T	T	T	T	T	T	T	T
	F	F	F	T	T	T	T	T	T	F	T	F	T
	F	F	F	F	F	T	T	T	T	T	T	T	T	T	T
	F	F	F	F	T	T	T	T	T	T	T	T	T	F	T	T	T
	F	F	F	T	T	T	F	T	F	T	F	T	F	F	T	T	T
	F	F	F	T	F	F	T	T	T	T	T	T	T	T
	F	F	F	T	T	T	T	T	T	T	T	T	T
