Nodes: 30
Max Connections: 20

beami
	8	10	16	18	19	20	21	22	23	24	25	28	29
	8	9	10	12	14	16	17	18	19	20	22	23	24	25
	8	11	14	15	16	17	19	20	21	22	23	25	28
	6	7	8	10	13	17	19	20	23	24	27
	7	8	9	11	12	13	15	16	18	22	23	24	25	28
	7	8	10	12	14	16	17	20	21	22	23	24	25	27	28	29
	3	9	11	12	13	14	21	22	27	28	29
	3	4	5	9	11	12	15	16	18	19	20	21	22	23	26	29
	0	1	2	3	4	5	10	15	17	18	19	22	25	26	28
	1	4	6	7	13	14	16	19	20	23	26	27	28
	0	1	3	5	8	13	14	15	16	17	19	21	22	23	25	27
	2	4	6	7	13	14	20	21	23	25	27	29
	1	4	5	6	7	14	15	16	22	23	24	25	29
	3	4	6	9	10	11	14	17	18	20	26	27	28
	1	2	5	6	9	10	11	12	13	16	17	18	19	20	21	23	25	26	27	29
	2	4	7	8	10	12	16	18	19	23	24	26	27	28
	0	1	2	4	5	7	9	10	12	14	15	17	18	21	24	29
	1	2	3	5	8	10	13	14	16	19	21	22	26	27
	0	1	4	7	8	13	14	15	16	20	21	22	25
	0	1	2	3	7	8	9	10	14	15	17	20	23	24	25	27	28
	0	1	2	3	5	7	9	11	13	14	18	19	22	29
	0	2	5	6	7	10	11	14	16	17	18	22	24	26	28	29
	0	1	2	4	5	6	7	8	10	12	17	18	20	21	27
	0	1	2	3	4	5	7	9	10	11	12	14	15	19	25	26	28
	0	1	3	4	5	12	15	16	19	21	26	27	28	29
	0	1	2	4	5	8	10	11	12	14	18	19	23
	7	8	9	13	14	15	17	21	23	24	29
	3	5	6	9	10	11	13	14	15	17	19	22	24	28	29
	0	2	4	5	6	8	9	13	15	19	21	23	24	27	29
	0	5	6	7	11	12	14	16	20	21	24	26	27	28

beamk
	4000.000	4000.000	4000.000	4000.000	4000.000	4000.000	4000.000	4000.000	4000.000	4000.000	4000.000	4000.000	4000.000
	4000.000	4000.000	4000.000	4000.000	4000.000	4000.000	4000.000	4000.000	4000.000	4000.000	4000.000	4000.000	4000.000	4000.000
	4000.000	4000.000	4000.000	4000.000	4000.000	4000.000	4000.000	4000.000	4000.000	4000.000	4000.000	4000.000	4000.000
	4000.000	4000.000	4000.000	4000.000	4000.000	4000.000	4000.000	4000.000	4000.000	4000.000	4000.000
	4000.000	4000.000	4000.000	4000.000	4000.000	4000.000	4000.000	4000.000	4000.000	4000.000	4000.000	4000.000	4000.000	4000.000
	4000.000	4000.000	4000.000	4000.000	4000.000	4000.000	4000.000	4000.000	4000.000	4000.000	4000.000	4000.000	4000.000	4000.000	4000.000	4000.000
	4000.000	5.915	1.960	8.519	3.340	9.081	10.663	10.910	1.207	2.166	9.686
	4000.000	4000.000	4000.000	1.407	6.773	5.605	10.501	3.253	5.562	10.734	2.602	4.118	4.525	6.957	8.464	7.561
	4000.000	4000.000	4000.000	4000.000	4000.000	4000.000	9.790	10.881	1.215	4.740	10.697	6.596	7.030	8.230	2.616
	4000.000	4000.000	5.915	1.407	7.388	9.681	10.235	6.529	1.705	5.280	6.213	2.026	8.414
	4000.000	4000.000	4000.000	4000.000	9.790	8.898	8.831	4.359	5.064	2.554	8.244	9.377	10.715	7.850	2.946	3.722
	4000.000	4000.000	1.960	6.773	1.145	2.699	8.836	8.551	1.263	8.639	8.767	3.413
	4000.000	4000.000	4000.000	8.519	5.605	9.286	5.602	1.215	10.980	8.903	6.255	4.022	7.187
	4000.000	4000.000	3.340	7.388	8.898	1.145	7.293	8.879	4.879	2.957	1.674	8.243	7.225
	4000.000	4000.000	4000.000	9.081	9.681	8.831	2.699	9.286	7.293	4.811	10.125	5.832	6.787	8.744	4.450	10.045	6.821	3.046	2.151	6.626
	4000.000	4000.000	10.501	10.881	4.359	5.602	7.039	6.026	3.769	7.763	7.149	2.857	4.328	9.610
	4000.000	4000.000	4000.000	4000.000	4000.000	3.253	10.235	5.064	1.215	4.811	7.039	7.574	6.345	1.050	3.375	2.748
	4000.000	4000.000	4000.000	4000.000	1.215	2.554	8.879	10.125	7.574	3.248	5.376	1.949	7.197	4.846
	4000.000	4000.000	4000.000	5.562	4.740	4.879	5.832	6.026	6.345	7.888	4.951	3.871	3.648
	4000.000	4000.000	4000.000	4000.000	10.734	10.697	6.529	8.244	6.787	3.769	3.248	6.980	6.620	2.516	10.786	8.290	1.984
	4000.000	4000.000	4000.000	4000.000	4000.000	2.602	1.705	8.836	2.957	8.744	7.888	6.980	10.777	10.476
	4000.000	4000.000	4000.000	10.663	4.118	9.377	8.551	4.450	1.050	5.376	4.951	1.086	4.014	3.983	9.818	5.711
	4000.000	4000.000	4000.000	4000.000	4000.000	10.910	4.525	6.596	10.715	10.980	1.949	3.871	10.777	1.086	3.617
	4000.000	4000.000	4000.000	4000.000	4000.000	4000.000	6.957	5.280	7.850	1.263	8.903	10.045	7.763	6.620	8.157	8.243	6.644
	4000.000	4000.000	4000.000	4000.000	4000.000	6.255	7.149	3.375	2.516	4.014	5.303	4.120	8.832	4.555
	4000.000	4000.000	4000.000	4000.000	4000.000	7.030	2.946	8.639	4.022	6.821	3.648	10.786	8.157
	8.464	8.230	6.213	1.674	3.046	2.857	7.197	3.983	8.243	5.303	9.189
	4000.000	4000.000	1.207	2.026	3.722	8.767	8.243	2.151	4.328	4.846	8.290	3.617	4.120	3.767	3.403
	4000.000	4000.000	4000.000	4000.000	2.166	2.616	8.414	7.225	9.610	1.984	9.818	6.644	8.832	3.767	10.678
	4000.000	4000.000	9.686	7.561	3.413	7.187	6.626	2.748	10.476	5.711	4.555	9.189	3.403	10.678

beaml
	2.000	2.000	2.000	2.000	2.000	2.000	2.000	2.000	2.000	2.000	2.000	2.000	2.000
	2.000	2.000	2.000	2.000	2.000	2.000	2.000	2.000	2.000	2.000	2.000	2.000	2.000	2.000
	2.000	2.000	2.000	2.000	2.000	2.000	2.000	2.000	2.000	2.000	2.000	2.000	2.000
	2.000	2.000	2.000	2.000	2.000	2.000	2.000	2.000	2.000	2.000	2.000
	2.000	2.000	2.000	2.000	2.000	2.000	2.000	2.000	2.000	2.000	2.000	2.000	2.000	2.000
	2.000	2.000	2.000	2.000	2.000	2.000	2.000	2.000	2.000	2.000	2.000	2.000	2.000	2.000	2.000	2.000
	2.000	0.218	0.267	0.296	0.289	0.220	0.210	0.228	0.252	0.219	0.215
	2.000	2.000	2.000	0.204	0.242	0.225	0.294	0.246	0.273	0.285	0.229	0.294	0.298	0.255	0.246	0.216
	2.000	2.000	2.000	2.000	2.000	2.000	0.270	0.271	0.269	0.266	0.221	0.205	0.268	0.256	0.259
	2.000	2.000	0.218	0.204	0.258	0.295	0.293	0.256	0.202	0.231	0.258	0.213	0.271
	2.000	2.000	2.000	2.000	0.270	0.259	0.210	0.265	0.267	0.280	0.226	0.202	0.247	0.298	0.249	0.204
	2.000	2.000	0.267	0.242	0.237	0.217	0.258	0.205	0.227	0.274	0.220	0.266
	2.000	2.000	2.000	0.296	0.225	0.201	0.290	0.204	0.268	0.290	0.246	0.266	0.229
	2.000	2.000	0.289	0.258	0.259	0.237	0.236	0.257	0.210	0.274	0.288	0.270	0.218
	2.000	2.000	2.000	0.220	0.295	0.210	0.217	0.201	0.236	0.227	0.265	0.284	0.258	0.232	0.285	0.286	0.264	0.282	0.231	0.244
	2.000	2.000	0.294	0.271	0.265	0.290	0.292	0.246	0.277	0.253	0.279	0.211	0.223	0.262
	2.000	2.000	2.000	2.000	2.000	0.246	0.293	0.267	0.204	0.227	0.292	0.255	0.259	0.276	0.230	0.289
	2.000	2.000	2.000	2.000	0.269	0.280	0.257	0.265	0.255	0.282	0.259	0.215	0.282	0.259
	2.000	2.000	2.000	0.273	0.266	0.210	0.284	0.246	0.259	0.239	0.287	0.246	0.260
	2.000	2.000	2.000	2.000	0.285	0.221	0.256	0.226	0.258	0.277	0.282	0.244	0.229	0.226	0.253	0.230	0.259
	2.000	2.000	2.000	2.000	2.000	0.229	0.202	0.258	0.274	0.232	0.239	0.244	0.299	0.259
	2.000	2.000	2.000	0.210	0.294	0.202	0.205	0.285	0.276	0.259	0.287	0.215	0.276	0.258	0.289	0.259
	2.000	2.000	2.000	2.000	2.000	0.228	0.298	0.205	0.247	0.268	0.215	0.246	0.299	0.215	0.268
	2.000	2.000	2.000	2.000	2.000	2.000	0.255	0.231	0.298	0.227	0.290	0.286	0.253	0.229	0.211	0.226	0.273
	2.000	2.000	2.000	2.000	2.000	0.246	0.279	0.230	0.226	0.276	0.250	0.239	0.298	0.254
	2.000	2.000	2.000	2.000	2.000	0.268	0.249	0.274	0.266	0.264	0.260	0.253	0.211
	0.246	0.256	0.258	0.288	0.282	0.211	0.282	0.258	0.226	0.250	0.229
	2.000	2.000	0.252	0.213	0.204	0.220	0.270	0.231	0.223	0.259	0.230	0.268	0.239	0.201	0.219
	2.000	2.000	2.000	2.000	0.219	0.259	0.271	0.218	0.262	0.259	0.289	0.273	0.298	0.201	0.204
	2.000	2.000	0.215	0.216	0.266	0.229	0.244	0.289	0.259	0.259	0.254	0.229	0.219	0.204

fail
	F	F	F	F	F	F	F	F	F	F	F	F	F
	F	F	F	F	F	F	F	F	F	F	F	F	F	F
	F	F	F	F	F	F	F	F	F	F	F	F	F
	F	F	F	F	F	F	F	F	F	F	F
	F	F	F	F	F	F	F	F	F	F	F	F	F	F
	F	F	F	F	F	F	F	F	F	F	F	F	F	F	F	F
	F	T	T	T	F	F	F	F	T	F	T
	F	F	F	T	F	T	F	T	T	T	T	T	T	T	F	T
	F	F	F	F	F	F	T	F	T	T	T	T	T	F	T
	F	F	T	T	T	T	T	T	F	F	T	T	T
	F	F	F	F	T	F	T	F	T	T	T	T	T	T	T	F
	F	F	T	F	T	F	F	T	T	F	F	T
	F	F	F	T	T	T	T	T	T	T	T	T	F
	F	F	F	T	F	T	F	F	T	F	T	T	T
	F	F	F	F	T	T	F	T	F	T	T	T	T	T	T	T	T	T	T	T
	F	F	F	F	F	T	T	F	F	F	F	T	T	F
	F	F	F	F	F	T	T	T	T	T	T	T	T	T	T	T
	F	F	F	F	T	T	F	T	T	T	T	T	T	T
	F	F	F	T	T	T	T	F	T	T	T	T	T
	F	F	F	F	T	T	T	T	T	F	T	T	T	T	T	F	T
	F	F	F	F	F	T	F	F	F	T	T	T	T	T
	F	F	F	F	T	T	T	T	T	T	T	T	T	F	T	T
	F	F	F	F	F	F	T	T	T	T	T	T	T	T	T
	F	F	F	F	F	F	T	F	T	T	T	T	F	T	T	F	T
	F	F	F	F	F	T	F	T	T	T	F	T	T	T
	F	F	F	F	F	T	T	F	T	T	T	T	T
	F	F	T	T	T	T	T	F	F	F	T
	F	F	T	T	F	F	T	T	T	T	F	T	T	F	T
	F	F	F	F	F	T	T	T	F	T	T	T	T	F	T
	F	F	T	T	T	F	T	T	T	T	T	T	T	T
