Nodes: 30
Max Connections: 20

beami
	10	18	20	21	22	24	25	28	29
	6	8	10	11	13	18	20	21	23	25	27	28
	8	9	13	22	27	28
	6	7	10	11	13	15	17	19	20	21	23	24	27	29
	6	7	10	13	14	15	16	17	18	19	20	21	22	25	26	29
	6	10	12	13	16	17	23	24	25	26	28
	1	3	4	5	9	17	18	22	23	26	27	28	29
	3	4	13	18	19	20	26	27	28
	1	2	10	12	21	23	25	27	28
	2	6	12	13	15	16	17	20	22	23	24	25	26	27	29
	0	1	3	4	5	8	11	12	14	15	17	21	23	24	26	27
	1	3	10	16	20	21	23	28
	5	8	9	10	15	17	19	23	25	26	29
	1	2	3	4	5	7	9	14	18	21	22	23	26	27
	4	10	13	16	17	18	19	25	26	29
	3	4	9	10	12	16	17	20	22	23	24	25	26	29
	4	5	9	11	14	15	18	19	20	22	27	29
	3	4	5	6	9	10	12	14	15	18	23	24	25	26	27	28
	0	1	4	6	7	13	14	16	17	19	21	23	24	27
	3	4	7	12	14	16	18	23	24	28
	0	1	3	4	7	9	11	15	16	22	24	29
	0	1	3	4	8	10	11	13	18	27
	0	2	4	6	9	13	15	16	20	23	24	25	26	27	28	29
	1	3	5	6	8	9	10	11	12	13	15	17	18	19	22	26	27	29
	0	3	5	9	10	15	17	18	19	20	22	25	28	29
	0	1	4	5	8	9	12	14	15	17	22	24	26	27	28
	4	5	6	7	9	10	12	13	14	15	17	22	23	25	27	28	29
	1	2	3	6	7	8	9	10	13	16	17	18	21	22	23	25	26
	0	1	2	5	6	7	8	11	17	19	22	24	25	26
	0	3	4	6	9	12	14	15	16	20	22	23	24	26

beamk
	4000.000	4000.000	4000.000	4000.000	4000.000	4000.000	4000.000	4000.000	4000.000
	4000.000	4000.000	4000.000	4000.000	4000.000	4000.000	4000.000	4000.000	4000.000	4000.000	4000.000	4000.000
	4000.000	4000.000	4000.000	4000.000	4000.000	4000.000
	4000.000	4000.000	4000.000	4000.000	4000.000	4000.000	4000.000	4000.000	4000.000	4000.000	4000.000	4000.000	4000.000	4000.000
	4000.000	4000.000	4000.000	4000.000	4000.000	4000.000	4000.000	4000.000	4000.000	4000.000	4000.000	4000.000	4000.000	4000.000	4000.000	4000.000
	4000.000	4000.000	4000.000	4000.000	4000.000	4000.000	4000.000	4000.000	4000.000	4000.000	4000.000
	4000.000	4000.000	4000.000	4000.000	121.311	143.676	139.784	127.849	52.767	116.179	128.466	104.112	66.957
	4000.000	4000.000	125.955	67.700	51.694	78.199	98.165	50.695	135.972
	4000.000	4000.000	133.353	99.422	90.749	66.812	84.811	119.080	139.281
	4000.000	121.311	136.075	93.282	137.378	78.127	79.301	139.611	139.969	129.250	98.247	84.322	127.604	140.372	114.733
	4000.000	4000.000	4000.000	4000.000	4000.000	133.353	144.034	140.091	139.569	53.689	86.151	61.642	80.744	105.849	113.597	103.688
	4000.000	4000.000	144.034	95.817	87.031	127.403	131.698	58.999
	4000.000	99.422	136.075	140.091	111.695	125.310	68.913	83.348	66.521	117.782	88.986
	4000.000	4000.000	4000.000	4000.000	4000.000	125.955	93.282	149.271	77.884	92.518	50.472	85.294	133.079	104.205
	4000.000	139.569	149.271	142.462	95.036	122.920	84.271	69.171	120.985	99.457
	4000.000	4000.000	137.378	53.689	111.695	92.648	85.110	51.999	137.336	96.091	83.771	86.923	91.283	133.725
	4000.000	4000.000	78.127	95.817	142.462	92.648	95.923	50.246	52.245	88.111	104.387	61.245
	4000.000	4000.000	4000.000	143.676	79.301	86.151	125.310	95.036	85.110	52.149	80.455	80.701	82.945	128.076	99.496	81.082
	4000.000	4000.000	4000.000	139.784	67.700	77.884	122.920	95.923	52.149	73.320	110.656	91.273	107.119	109.409
	4000.000	4000.000	51.694	68.913	84.271	50.246	73.320	54.509	85.591	80.847
	4000.000	4000.000	4000.000	4000.000	78.199	139.611	87.031	51.999	52.245	64.007	134.638	80.855
	4000.000	4000.000	4000.000	4000.000	90.749	61.642	127.403	92.518	110.656	141.039
	4000.000	4000.000	4000.000	127.849	139.969	50.472	137.336	88.111	64.007	122.112	137.606	51.404	148.039	57.964	111.882	142.737
	4000.000	4000.000	4000.000	52.767	66.812	129.250	80.744	131.698	83.348	85.294	96.091	80.455	91.273	54.509	122.112	98.549	89.589	148.515
	4000.000	4000.000	4000.000	98.247	105.849	83.771	80.701	107.119	85.591	134.638	137.606	82.927	123.283	123.726
	4000.000	4000.000	4000.000	4000.000	84.811	84.322	66.521	69.171	86.923	82.945	51.404	82.927	122.607	79.335	81.457
	4000.000	4000.000	116.179	98.165	127.604	113.597	117.782	133.079	120.985	91.283	128.076	148.039	98.549	122.607	128.202	67.790	90.652
	4000.000	4000.000	4000.000	128.466	50.695	119.080	140.372	103.688	104.205	104.387	99.496	109.409	141.039	57.964	89.589	79.335	128.202
	4000.000	4000.000	4000.000	4000.000	104.112	135.972	139.281	58.999	81.082	80.847	111.882	123.283	81.457	67.790
	4000.000	4000.000	4000.000	66.957	114.733	88.986	99.457	133.725	61.245	80.855	142.737	148.515	123.726	90.652

beaml
	2.000	2.000	2.000	2.000	2.000	2.000	2.000	2.000	2.000
	2.000	2.000	2.000	2.000	2.000	2.000	2.000	2.000	2.000	2.000	2.000	2.000
	2.000	2.000	2.000	2.000	2.000	2.000
	2.000	2.000	2.000	2.000	2.000	2.000	2.000	2.000	2.000	2.000	2.000	2.000	2.000	2.000
	2.000	2.000	2.000	2.000	2.000	2.000	2.000	2.000	2.000	2.000	2.000	2.000	2.000	2.000	2.000	2.000
	2.000	2.000	2.000	2.000	2.000	2.000	2.000	2.000	2.000	2.000	2.000
	2.000	2.000	2.000	2.000	0.730	0.761	0.237	0.548	0.704	0.441	0.269	0.705	0.515
	2.000	2.000	0.732	0.363	0.246	0.643	0.593	0.548	0.465
	2.000	2.000	0.565	0.302	0.262	0.405	0.349	0.483	0.383
	2.000	0.730	0.406	0.780	0.483	0.545	0.646	0.325	0.285	0.468	0.309	0.515	0.495	0.420	0.403
	2.000	2.000	2.000	2.000	2.000	0.565	0.249	0.336	0.204	0.374	0.371	0.442	0.229	0.617	0.554	0.689
	2.000	2.000	0.249	0.339	0.252	0.661	0.795	0.607
	2.000	0.302	0.406	0.336	0.520	0.468	0.496	0.409	0.714	0.415	0.507
	2.000	2.000	2.000	2.000	2.000	0.732	0.780	0.706	0.367	0.347	0.374	0.293	0.318	0.213
	2.000	0.204	0.706	0.427	0.326	0.494	0.775	0.219	0.226	0.757
	2.000	2.000	0.483	0.374	0.520	0.477	0.704	0.518	0.499	0.490	0.698	0.771	0.742	0.234
	2.000	2.000	0.545	0.339	0.427	0.477	0.305	0.786	0.505	0.339	0.266	0.777
	2.000	2.000	2.000	0.761	0.646	0.371	0.468	0.326	0.704	0.673	0.678	0.664	0.369	0.597	0.503	0.611
	2.000	2.000	2.000	0.237	0.363	0.367	0.494	0.305	0.673	0.325	0.532	0.697	0.280	0.417
	2.000	2.000	0.246	0.496	0.775	0.786	0.325	0.225	0.636	0.293
	2.000	2.000	2.000	2.000	0.643	0.325	0.252	0.518	0.505	0.365	0.260	0.472
	2.000	2.000	2.000	2.000	0.262	0.442	0.661	0.347	0.532	0.356
	2.000	2.000	2.000	0.548	0.285	0.374	0.499	0.339	0.365	0.778	0.620	0.704	0.203	0.793	0.540	0.213
	2.000	2.000	2.000	0.704	0.405	0.468	0.229	0.795	0.409	0.293	0.490	0.678	0.697	0.225	0.778	0.614	0.770	0.518
	2.000	2.000	2.000	0.309	0.617	0.698	0.664	0.280	0.636	0.260	0.620	0.444	0.211	0.407
	2.000	2.000	2.000	2.000	0.349	0.515	0.714	0.219	0.771	0.369	0.704	0.444	0.434	0.507	0.378
	2.000	2.000	0.441	0.593	0.495	0.554	0.415	0.318	0.226	0.742	0.597	0.203	0.614	0.434	0.501	0.471	0.462
	2.000	2.000	2.000	0.269	0.548	0.483	0.420	0.689	0.213	0.266	0.503	0.417	0.356	0.793	0.770	0.507	0.501
	2.000	2.000	2.000	2.000	0.705	0.465	0.383	0.607	0.611	0.293	0.540	0.211	0.378	0.471
	2.000	2.000	2.000	0.515	0.403	0.507	0.757	0.234	0.777	0.472	0.213	0.518	0.407	0.462

fail
	F	F	F	F	F	F	F	F	F
	F	F	F	F	F	F	F	F	F	F	F	F
	F	F	F	F	F	F
	F	F	F	F	F	F	F	F	F	F	F	F	F	F
	F	F	F	F	F	F	F	F	F	F	F	F	F	F	F	F
	F	F	F	F	F	F	F	F	F	F	F
	F	F	F	F	T	T	F	T	T	T	T	T	T
	F	F	T	T	T	T	T	F	F
	F	F	T	T	T	T	F	T	T
	F	T	T	T	T	T	T	T	T	T	T	F	T	T	F
	F	F	F	F	F	T	T	F	T	T	T	T	T	T	T	T
	F	F	T	T	T	T	T	T
	F	T	T	F	T	F	T	T	T	T	F
	F	F	F	F	F	T	T	T	T	T	T	T	T	T
	F	T	T	T	T	F	F	T	T	T
	F	F	T	T	T	T	T	T	F	F	T	T	F	T
	F	F	T	T	T	T	T	F	T	T	T	T
	F	F	F	T	T	T	F	T	T	T	T	T	T	T	T	T
	F	F	F	F	T	T	F	T	T	T	T	T	F	T
	F	F	T	T	F	F	T	T	T	T
	F	F	F	F	T	T	T	T	T	T	T	T
	F	F	F	F	T	T	T	T	T	T
	F	F	F	T	T	T	F	T	T	T	T	T	T	T	T	T
	F	F	F	T	T	T	T	T	T	T	F	T	T	T	T	T	T	T
	F	F	F	T	T	T	T	F	T	T	T	T	T	T
	F	F	F	F	F	F	T	T	T	T	T	T	T	T	T
	F	F	T	T	T	T	T	T	T	F	T	T	T	T	T	T	T
	F	F	F	T	F	T	T	T	T	T	T	T	T	T	T	T	T
	F	F	F	F	T	F	T	T	T	T	T	T	T	T
	F	F	F	T	F	F	T	T	T	T	T	T	T	T
