Nodes: 30
Max Connections: 20

beami
	6	9	10	13	16	17	19	21	23	27	28
	8	9	11	14	16	17	22	28
	6	7	10	13	15	16	17	19	20	22	23	28	29
	7	8	11	12	17	20	21	24	25	26	27	28	29
	7	11	13	14	17	18	19	20	21	22	23	24	27
	6	7	8	9	11	12	13	15	17	18	21	22	23	24
	0	2	5	9	10	12	14	16	18	20	24
	2	3	4	5	8	12	14	15	21	23	24	25	26	27	29
	1	3	5	7	9	10	11	12	13	14	16	17	18	19	21	22	23	26	28
	0	1	5	6	8	16	17	18	19	21	26	27	29
	0	2	6	8	11	12	17	18	20	23	26	28
	1	3	4	5	8	10	13	15	16	21	26	27
	3	5	6	7	8	10	14	16	17	19	20	22	28	29
	0	2	4	5	8	11	14	17	19	20	23	25	26	29
	1	4	6	7	8	12	13	16	17	18	19	20	23	24	28
	2	5	7	11	16	19	20	21	23	25	26
	0	1	2	6	8	9	11	12	14	15	19	20	22	23	26	29
	0	1	2	3	4	5	8	9	10	12	13	14	20	22	23	24	25	26	27	28
	4	5	6	8	9	10	14	19	20	21	22	24	25	26	28
	0	2	4	8	9	12	13	14	15	16	18	20	21	26	27	28	29
	2	3	4	6	10	12	13	14	15	16	17	18	19	24	25	26	29
	0	3	4	5	7	8	9	11	15	18	19	22	23	24	25	27	28	29
	1	2	4	5	8	12	16	17	18	21	23	25	28
	0	2	4	5	7	8	10	13	14	15	16	17	21	22	24	25	29
	3	4	5	6	7	14	17	18	20	21	23	26	27	28
	3	7	13	15	17	18	20	21	22	23	26	28
	3	7	8	9	10	11	13	15	16	17	18	19	20	24	25
	0	3	4	7	9	11	17	19	21	24
	0	1	2	3	8	10	12	14	17	18	19	21	22	24	25
	2	3	7	9	12	13	16	19	20	21	23

beamk
	4000.000	4000.000	4000.000	4000.000	4000.000	4000.000	4000.000	4000.000	4000.000	4000.000	4000.000
	4000.000	4000.000	4000.000	4000.000	4000.000	4000.000	4000.000	4000.000
	4000.000	4000.000	4000.000	4000.000	4000.000	4000.000	4000.000	4000.000	4000.000	4000.000	4000.000	4000.000	4000.000
	4000.000	4000.000	4000.000	4000.000	4000.000	4000.000	4000.000	4000.000	4000.000	4000.000	4000.000	4000.000	4000.000
	4000.000	4000.000	4000.000	4000.000	4000.000	4000.000	4000.000	4000.000	4000.000	4000.000	4000.000	4000.000	4000.000
	4000.000	4000.000	4000.000	4000.000	4000.000	4000.000	4000.000	4000.000	4000.000	4000.000	4000.000	4000.000	4000.000	4000.000
	4000.000	4000.000	4000.000	87.890	57.358	76.758	105.839	89.469	139.176	145.549	100.477
	4000.000	4000.000	4000.000	4000.000	67.282	132.789	119.180	108.356	141.210	69.717	63.769	81.051	55.874	138.663	128.836
	4000.000	4000.000	4000.000	67.282	87.192	80.695	64.916	97.940	117.657	131.426	127.602	126.387	136.043	114.879	103.293	59.796	144.710	113.279	55.343
	4000.000	4000.000	4000.000	87.890	87.192	64.571	120.586	73.880	83.676	73.413	146.379	103.562	51.939
	4000.000	4000.000	57.358	80.695	97.314	107.568	56.280	84.666	56.718	85.545	76.863	77.404
	4000.000	4000.000	4000.000	4000.000	64.916	97.314	68.876	119.848	127.604	82.910	81.005	76.055
	4000.000	4000.000	76.758	132.789	97.940	107.568	71.155	65.804	103.953	65.144	86.723	60.318	135.385	114.945
	4000.000	4000.000	4000.000	4000.000	117.657	68.876	113.381	123.928	119.436	144.797	136.989	69.284	90.679	92.048
	4000.000	4000.000	105.839	119.180	131.426	71.155	113.381	110.571	84.499	110.355	145.163	121.835	118.641	71.440	112.755
	4000.000	4000.000	108.356	119.848	100.350	103.793	52.061	95.126	99.433	84.991	115.260
	4000.000	4000.000	4000.000	89.469	127.602	64.571	127.604	65.804	110.571	100.350	141.160	116.121	117.196	52.295	64.900	62.166
	4000.000	4000.000	4000.000	4000.000	4000.000	4000.000	126.387	120.586	56.280	103.953	123.928	84.499	135.580	86.565	135.270	81.619	148.815	51.110	130.532	59.386
	4000.000	4000.000	139.176	136.043	73.880	84.666	110.355	106.313	92.754	78.334	125.809	121.115	52.734	51.549	122.414
	4000.000	4000.000	4000.000	114.879	83.676	65.144	119.436	145.163	103.793	141.160	106.313	82.898	100.860	69.979	145.787	60.230	79.428
	4000.000	4000.000	4000.000	145.549	56.718	86.723	144.797	121.835	52.061	116.121	135.580	92.754	82.898	113.806	118.061	50.959	85.188
	4000.000	4000.000	4000.000	4000.000	141.210	103.293	73.413	82.910	95.126	78.334	100.860	68.092	100.276	118.305	107.449	52.495	88.529	96.976
	4000.000	4000.000	4000.000	4000.000	59.796	60.318	117.196	86.565	125.809	68.092	122.138	75.751	138.773
	4000.000	4000.000	4000.000	4000.000	69.717	144.710	85.545	136.989	118.641	99.433	52.295	135.270	100.276	122.138	149.853	71.499	113.492
	4000.000	4000.000	4000.000	100.477	63.769	71.440	81.619	121.115	113.806	118.305	149.853	85.824	58.797	132.730
	4000.000	81.051	69.284	84.991	148.815	52.734	118.061	107.449	75.751	71.499	64.506	66.081
	4000.000	55.874	113.279	146.379	76.863	81.005	90.679	115.260	64.900	51.110	51.549	69.979	50.959	85.824	64.506
	4000.000	4000.000	4000.000	138.663	103.562	76.055	130.532	145.787	52.495	58.797
	4000.000	4000.000	4000.000	4000.000	55.343	77.404	135.385	112.755	59.386	122.414	60.230	88.529	138.773	132.730	66.081
	4000.000	4000.000	128.836	51.939	114.945	92.048	62.166	79.428	85.188	96.976	113.492

beaml
	2.000	2.000	2.000	2.000	2.000	2.000	2.000	2.000	2.000	2.000	2.000
	2.000	2.000	2.000	2.000	2.000	2.000	2.000	2.000
	2.000	2.000	2.000	2.000	2.000	2.000	2.000	2.000	2.000	2.000	2.000	2.000	2.000
	2.000	2.000	2.000	2.000	2.000	2.000	2.000	2.000	2.000	2.000	2.000	2.000	2.000
	2.000	2.000	2.000	2.000	2.000	2.000	2.000	2.000	2.000	2.000	2.000	2.000	2.000
	2.000	2.000	2.000	2.000	2.000	2.000	2.000	2.000	2.000	2.000	2.000	2.000	2.000	2.000
	2.000	2.000	2.000	0.294	0.306	0.375	0.248	0.550	0.332	0.311	0.426
	2.000	2.000	2.000	2.000	0.264	0.265	0.450	0.582	0.398	0.471	0.374	0.438	0.793	0.258	0.402
	2.000	2.000	2.000	0.264	0.784	0.539	0.709	0.583	0.253	0.428	0.774	0.383	0.334	0.536	0.645	0.752	0.207	0.605	0.596
	2.000	2.000	2.000	0.294	0.784	0.203	0.537	0.382	0.334	0.730	0.558	0.456	0.581
	2.000	2.000	0.306	0.539	0.669	0.492	0.325	0.465	0.487	0.560	0.681	0.639
	2.000	2.000	2.000	2.000	0.709	0.669	0.529	0.205	0.413	0.437	0.742	0.374
	2.000	2.000	0.375	0.265	0.583	0.492	0.791	0.583	0.448	0.254	0.451	0.586	0.426	0.661
	2.000	2.000	2.000	2.000	0.253	0.529	0.624	0.399	0.746	0.367	0.344	0.517	0.429	0.219
	2.000	2.000	0.248	0.450	0.428	0.791	0.624	0.474	0.673	0.490	0.458	0.216	0.216	0.382	0.425
	2.000	2.000	0.582	0.205	0.269	0.325	0.411	0.663	0.394	0.322	0.241
	2.000	2.000	2.000	0.550	0.774	0.203	0.413	0.583	0.474	0.269	0.492	0.478	0.619	0.629	0.373	0.258
	2.000	2.000	2.000	2.000	2.000	2.000	0.383	0.537	0.325	0.448	0.399	0.673	0.429	0.663	0.767	0.548	0.367	0.796	0.466	0.329
	2.000	2.000	0.332	0.334	0.382	0.465	0.490	0.402	0.266	0.496	0.715	0.723	0.471	0.638	0.226
	2.000	2.000	2.000	0.536	0.334	0.254	0.746	0.458	0.325	0.492	0.402	0.755	0.493	0.393	0.308	0.735	0.751
	2.000	2.000	2.000	0.311	0.487	0.451	0.367	0.216	0.411	0.478	0.429	0.266	0.755	0.777	0.676	0.631	0.382
	2.000	2.000	2.000	2.000	0.398	0.645	0.730	0.437	0.663	0.496	0.493	0.517	0.746	0.330	0.437	0.447	0.229	0.638
	2.000	2.000	2.000	2.000	0.752	0.586	0.619	0.663	0.715	0.517	0.644	0.264	0.253
	2.000	2.000	2.000	2.000	0.471	0.207	0.560	0.344	0.216	0.394	0.629	0.767	0.746	0.644	0.702	0.332	0.385
	2.000	2.000	2.000	0.426	0.374	0.382	0.548	0.723	0.777	0.330	0.702	0.774	0.283	0.223
	2.000	0.438	0.517	0.322	0.367	0.471	0.676	0.437	0.264	0.332	0.364	0.640
	2.000	0.793	0.605	0.558	0.681	0.742	0.429	0.241	0.373	0.796	0.638	0.393	0.631	0.774	0.364
	2.000	2.000	2.000	0.258	0.456	0.374	0.466	0.308	0.447	0.283
	2.000	2.000	2.000	2.000	0.596	0.639	0.426	0.425	0.329	0.226	0.735	0.229	0.253	0.223	0.640
	2.000	2.000	0.402	0.581	0.661	0.219	0.258	0.751	0.382	0.638	0.385

fail
	F	F	F	F	F	F	F	F	F	F	F
	F	F	F	F	F	F	F	F
	F	F	F	F	F	F	F	F	F	F	F	F	F
	F	F	F	F	F	F	F	F	F	F	F	F	F
	F	F	F	F	F	F	F	F	F	F	F	F	F
	F	F	F	F	F	F	F	F	F	F	F	F	F	F
	F	F	F	T	T	F	T	T	F	F	T
	F	F	F	F	T	T	T	T	T	T	F	F	T	T	T
	F	F	F	T	T	F	T	T	T	T	T	T	F	T	T	T	T	T	T
	F	F	F	T	T	T	T	T	T	T	F	T	T
	F	F	T	F	T	T	T	T	T	F	T	T
	F	F	F	F	T	T	T	T	T	T	T	T
	F	F	F	T	T	T	T	T	T	T	T	T	F	F
	F	F	F	F	T	T	T	T	T	T	T	T	T	T
	F	F	T	T	T	T	T	F	T	T	T	T	T	T	T
	F	F	T	T	T	T	T	T	F	T	T
	F	F	F	T	T	T	T	T	F	T	T	T	T	T	T	T
	F	F	F	F	F	F	T	T	T	T	T	T	T	T	T	T	F	T	T	T
	F	F	F	F	T	T	T	F	T	F	T	F	T	T	T
	F	F	F	T	T	T	T	T	T	T	F	T	T	T	T	T	T
	F	F	F	F	T	T	T	T	T	T	T	T	T	T	T	T	T
	F	F	F	F	T	T	T	T	T	F	T	T	T	T	T	T	T	T
	F	F	F	F	T	T	T	T	T	T	T	T	T
	F	F	F	F	T	T	F	T	T	F	T	T	T	T	T	T	T
	F	F	F	T	F	T	T	F	T	T	T	T	T	T
	F	F	T	T	F	T	T	T	T	T	T	T
	F	T	T	F	T	T	T	T	T	T	T	T	T	T	T
	F	F	F	T	T	T	T	T	T	T
	F	F	F	F	T	T	F	T	T	T	T	T	T	T	T
	F	F	T	T	F	T	T	T	T	T	T
