Nodes: 30
Max Connections: 20

beami
	9	20	21	24	25	23	26	18
	7	10	26	29	28	22	11	20	6	12	25
	20	26	12	19	23	11	9
	10	15	23	26	16	24	25	18	20	22	11	14	13	6
	24	25	26	8	29	19	12
	18	29	12
	13	20	25	7	18	5	25	10	26	15	17	8	28	20	20
	1	6	16	22	16	12	9	27	18	19
	13	23	26	26	22	4	21	23	20	26	27
	0	12	15	22	24	29	16	29	29	19	27	7	2	22
	1	3	13	23	24	27	29	18	28	28	24	13	27	6	29	9	23
	21	26	18	23	21
	2	9	20	22	23	18	25	20	9	26	7	22	13	20	4
	6	8	10	18	4	18	23	29	14	10
	15	24	13	18	20	25	27	6	8
	9	14	22	3	16	27	2	14	6	24	27	20	1	5	22	29
	3	15	24	7	12	7	7	5	24	19
	20	24	29	13	25	20	19	22	20	15	4	5
	5	10	12	13	25	27	28	6	20	21	27	17	25	11	10	12	4
	2	0	21	16	7	4
	2	12	17	25	0	6	26	4	12	26	17	26	12
	0	11	27	11	11	29	24	12	18	15	10
	15	9	12	26	3	12	15	8	29	26
	3	10	12	27	8	17	20	24	12	27	2	19	29	6	11	28	10	0	27
	4	9	10	16	17	0	3	26	10	16	16	11	15
	3	6	20	4	18	26	1	6	28	8	24
	1	2	3	8	20	4	11	22	25	11	10	11	6	27	9	0
	10	21	23	15	18	28	26	23	6	23	4	20	3	28	8	15
	10	18	27	8	2	7	12	6	19	18	13	1
	1	10	5	9	7	15	10	4	21

beamk
	4000.000	4000.000	4000.000	4000.000	4000.000	4000.000	4000.000	4000.000
	4000.000	4000.000	4000.000	4000.000	4000.000	4000.000	4000.000	4000.000	4000.000	4000.000	4000.000
	4000.000	4000.000	4000.000	4000.000	4000.000	4000.000	4000.000
	4000.000	4000.000	4000.000	4000.000	4000.000	4000.000	4000.000	4000.000	4000.000	4000.000	4000.000	4000.000	4000.000	4000.000
	4000.000	4000.000	4000.000	4000.000	4000.000	4000.000	4000.000
	4000.000	4000.000	4000.000
	4.480	5.831	8.486	50.067	61.717	4000.000	8.486	2.131	3.916	4.422	2.976	2.258	67.550	5.831	132.540
	4000.000	50.067	106.003	86.569	10.031	4.510	10.492	8.601	10.764	4.548
	10.170	145.101	59.510	4.778	8.151	4000.000	8.002	145.101	6.867	59.510	10.117
	4000.000	2.583	6.103	1.303	149.499	51.922	8.272	51.922	10.393	141.185	137.904	10.492	4000.000	1.303
	4000.000	4000.000	3.698	8.978	3.840	7.204	3.306	97.249	110.638	1.550	3.840	3.698	7.204	2.131	61.794	9.496	8.978
	2.223	1.768	6.956	9.016	95.188
	4000.000	2.583	9.639	2.325	1.996	112.774	10.150	109.769	2.583	5.308	4.510	90.998	1.905	9.639	4000.000
	4.480	10.170	3.698	2.812	4000.000	56.911	99.131	10.068	7.938	52.893
	74.312	1.692	7.938	105.907	9.333	52.105	9.922	133.549	90.501
	6.103	5.045	3.423	4000.000	87.361	56.497	4000.000	5.045	4.422	8.874	56.497	4.337	4000.000	4000.000	50.918	103.437
	4000.000	2.518	8.234	106.003	2.114	106.003	10.031	4000.000	80.420	59.700
	10.192	5.537	8.950	6.424	1.490	55.909	4.299	65.182	10.192	119.513	4000.000	4000.000
	4000.000	3.643	6.758	2.812	8.406	1.986	8.439	61.717	3.312	145.090	56.131	7.327	51.836	6.956	3.643	6.758	4000.000
	4000.000	4000.000	9.286	59.700	4.548	4000.000
	4000.000	9.639	10.192	3.043	4000.000	132.540	140.961	4000.000	109.769	2.971	10.192	140.961	9.639
	4000.000	2.223	10.580	2.223	95.188	9.147	117.678	4.430	145.090	2.670	10.681
	3.423	69.572	90.998	129.144	4000.000	90.998	3.423	8.151	3.216	3.545
	4000.000	8.978	1.996	1.703	145.101	118.618	106.607	8.380	1.996	105.534	4000.000	109.074	8.705	2.744	9.016	5.074	8.978	4000.000	1.703
	4000.000	6.169	3.840	8.234	5.537	4000.000	4000.000	10.909	92.167	80.420	8.234	5.220	8.874
	4000.000	8.486	3.043	4000.000	51.836	134.546	4000.000	8.486	3.329	8.545	10.002
	4000.000	4000.000	4000.000	4.778	2.971	4000.000	76.924	129.144	134.546	76.924	2.721	1.768	3.916	6.814	5.766	4000.000
	7.204	10.580	1.703	56.497	56.131	93.414	6.814	1.703	8.154	105.534	4000.000	1.257	4000.000	5.838	10.117	56.497
	1.550	8.439	93.414	5.111	4000.000	1.769	140.482	67.550	1.036	71.312	4.683	4000.000
	4000.000	3.306	4000.000	51.922	149.846	103.437	3.306	4000.000	9.147

beaml
	2.000	2.000	2.000	2.000	2.000	2.000	2.000	2.000
	2.000	2.000	2.000	2.000	2.000	2.000	2.000	2.000	2.000	2.000	2.000
	2.000	2.000	2.000	2.000	2.000	2.000	2.000
	2.000	2.000	2.000	2.000	2.000	2.000	2.000	2.000	2.000	2.000	2.000	2.000	2.000	2.000
	2.000	2.000	2.000	2.000	2.000	2.000	2.000
	2.000	2.000	2.000
	0.242	0.264	0.204	0.304	0.378	2.000	0.204	0.254	0.203	0.237	0.215	0.218	0.599	0.264	0.346
	2.000	0.304	0.664	0.374	0.243	0.258	0.216	0.201	0.220	0.291
	0.290	0.625	0.393	0.235	0.231	2.000	0.200	0.625	0.298	0.393	0.291
	2.000	0.211	0.266	0.249	0.555	0.280	0.299	0.280	0.280	0.583	0.259	0.216	2.000	0.249
	2.000	2.000	0.245	0.244	0.238	0.275	0.287	0.396	0.252	0.219	0.238	0.245	0.275	0.254	0.232	0.218	0.244
	0.263	0.297	0.204	0.213	0.429
	2.000	0.211	0.264	0.254	0.225	0.572	0.256	0.488	0.211	0.226	0.258	0.507	0.289	0.264	2.000
	0.242	0.290	0.245	0.263	2.000	0.562	0.482	0.262	0.257	0.254
	0.637	0.288	0.257	0.215	0.214	0.528	0.245	0.754	0.676
	0.266	0.232	0.246	2.000	0.513	0.270	2.000	0.232	0.237	0.257	0.270	0.226	2.000	2.000	0.624	0.588
	2.000	0.207	0.270	0.664	0.274	0.664	0.243	2.000	0.739	0.469
	0.251	0.237	0.214	0.223	0.265	0.221	0.268	0.427	0.251	0.400	2.000	2.000
	2.000	0.200	0.221	0.263	0.272	0.287	0.295	0.378	0.225	0.607	0.783	0.230	0.216	0.204	0.200	0.221	2.000
	2.000	2.000	0.201	0.469	0.291	2.000
	2.000	0.264	0.251	0.257	2.000	0.346	0.790	2.000	0.488	0.256	0.251	0.790	0.264
	2.000	0.263	0.234	0.263	0.429	0.213	0.536	0.206	0.607	0.240	0.243
	0.246	0.679	0.507	0.792	2.000	0.507	0.246	0.231	0.244	0.209
	2.000	0.244	0.225	0.296	0.625	0.214	0.372	0.204	0.225	0.493	2.000	0.553	0.222	0.299	0.213	0.209	0.244	2.000	0.296
	2.000	0.230	0.238	0.270	0.237	2.000	2.000	0.277	0.686	0.739	0.270	0.288	0.257
	2.000	0.204	0.257	2.000	0.216	0.745	2.000	0.204	0.284	0.240	0.208
	2.000	2.000	2.000	0.235	0.256	2.000	0.488	0.792	0.745	0.488	0.214	0.297	0.203	0.277	0.237	2.000
	0.275	0.234	0.296	0.270	0.783	0.336	0.277	0.296	0.238	0.493	2.000	0.258	2.000	0.220	0.291	0.270
	0.219	0.295	0.336	0.203	2.000	0.209	0.277	0.599	0.200	0.409	0.208	2.000
	2.000	0.287	2.000	0.280	0.229	0.588	0.287	2.000	0.213