Nodes: 30
Max Connections: 20

beami
	17	22	25	26	27
	9	14	17	20	24	26
	11	12	20	27	28
	9	10	14	19
	7	14	19	28
	6	7	12	20	27	28
	5	8	9	15	16	18	28
	4	5	10	22
	6	13	14	18	20	21	23	24	27
	1	3	6	21	22	28
	3	7	26	29
	2	12	18	22	28
	2	5	11	13	17
	8	12	14
	1	3	4	8	13	17	18	19	27	28	29
	6	16	17	18	19
	6	15	20	22	25
	0	1	12	14	15	21	24	27
	6	8	11	14	15	20	26
	3	4	14	15
	1	2	5	8	16	18	27	29
	8	9	17	25	29
	0	7	9	11	16
	8	24
	1	8	17	23	27
	0	16	21
	0	1	10	18
	0	2	5	8	14	17	20	24	28
	2	4	5	6	9	11	14	27
	10	14	20	21

beamk
	3454.339	4588.060	4109.681	4420.181	3547.767
	4000.000	4000.000	4000.000	4000.000	4000.000	3739.590
	4000.000	4000.000	4639.371	3879.477	4000.000
	4490.132	4000.000	4000.000	3351.132
	4000.000	4000.000	4000.000	4000.000
	4000.000	4000.000	4000.000	4000.000	3703.043	4000.000
	3102.011	68.731	92.665	61.710	136.620	87.799	130.100
	4000.000	4000.000	68.635	102.260
	63.117	116.118	76.719	74.363	55.220	107.894	130.682	105.644	53.546
	4000.000	4000.000	111.150	75.731	60.397	140.816
	4241.836	63.086	95.416	82.782
	4000.000	79.588	67.026	117.481	47.012
	4176.464	4000.000	79.588	119.285	78.001
	102.858	132.659	128.153
	3348.832	4000.000	4000.000	76.719	141.650	118.353	95.416	124.456	145.645	88.909	87.038
	61.710	89.211	81.519	124.975	83.519
	161.617	83.706	50.447	56.111	84.938
	4000.000	3922.414	92.118	102.560	94.364	110.044	62.054	136.136
	67.685	65.266	69.050	95.416	124.975	91.046	110.776
	4000.000	4000.000	130.307	62.654
	4000.000	4089.855	4483.979	73.445	50.447	91.046	134.860	79.012
	109.226	75.731	114.313	65.079	114.186
	4000.000	101.456	67.420	117.481	56.111
	127.513	97.239
	4000.000	89.616	61.244	97.239	170.023
	4381.173	84.938	77.443
	3511.488	4716.225	95.416	103.544
	4756.964	4000.000	4197.765	54.523	145.645	136.136	136.804	135.985	121.688
	4442.476	4331.377	4000.000	134.011	140.816	51.626	108.872	127.553
	82.782	120.257	81.628	117.098

beaml
	2.000	2.000	2.000	2.000	2.000
	2.000	2.000	2.000	2.000	2.000	2.000
	2.000	2.000	2.000	2.000	2.000
	2.000	2.000	2.000	2.000
	2.000	2.000	2.000	2.000
	2.000	2.000	2.000	2.000	2.000	2.000
	2.000	0.243	0.206	0.340	0.343	0.279	0.281
	2.000	2.000	0.404	0.623
	0.243	0.494	0.219	0.502	0.201	0.256	0.743	0.256	0.228
	2.000	2.000	0.206	0.400	0.662	0.704
	2.000	0.404	0.564	0.257
	2.000	0.459	0.547	0.462	0.734
	2.000	2.000	0.459	0.363	0.657
	0.494	0.363	0.425
	2.000	2.000	2.000	0.219	0.425	0.749	0.776	0.736	0.323	0.572	0.783
	0.340	0.220	0.346	0.488	0.599
	0.343	0.220	0.311	0.259	0.512
	2.000	2.000	0.657	0.749	0.346	0.222	0.331	0.349
	0.279	0.502	0.547	0.776	0.488	0.206	0.653
	2.000	2.000	0.736	0.599
	2.000	2.000	2.000	0.201	0.311	0.206	0.245	0.480
	0.256	0.400	0.222	0.392	0.348
	2.000	0.623	0.662	0.462	0.259
	0.743	0.654
	2.000	0.256	0.331	0.654	0.610
	2.000	0.512	0.392
	2.000	2.000	0.564	0.653
	2.000	2.000	2.000	0.228	0.323	0.349	0.245	0.610	0.265
	2.000	2.000	2.000	0.281	0.704	0.734	0.572	0.265
	0.257	0.783	0.480	0.348

fail
	F	F	F	F	F
	F	F	F	F	F	F
	F	F	F	F	F
	F	F	F	F
	F	F	F	F
	F	F	F	F	F	F
	F	F	T	F	F	T	T
	F	F	T	F
	F	F	T	F	T	T	F	T	F
	F	F	T	T	F	T
	F	T	F	T
	F	F	F	F	F
	F	F	F	F	F
	F	F	F
	F	F	F	T	F	T	T	F	T	T	T
	F	F	T	F	F
	F	F	T	F	F
	F	F	F	T	T	T	T	T
	T	F	F	T	F	T	F
	F	F	F	F
	F	F	F	T	T	T	T	F
	T	T	T	F	T
	F	F	F	F	F
	F	F
	F	T	T	F	F
	F	F	F
	F	F	F	F
	F	F	F	F	T	T	T	F	T
	F	F	F	T	T	F	T	T
	T	T	F	T
