Nodes: 30
Max Connections: 20

beami
	7	8	10	12	13	20	22	23	28
	6	10	11	12	15	19	20	25	29
	6	9	10	11	13	17	20	23	26	27	29
	7	11	12	13	15	16	18	19	20	21	24	28	29
	7	8	10	12	13	14	17	18	19	20	21	22	24	27	29
	6	7	11	12	13	14	16	17	18	20	22	23	25	26	27	28	29
	1	2	5	13	17	19	21	22	26	28	29
	0	3	4	5	8	12	14	15	16	18	20	23	25	28	29
	0	4	7	11	12	14	16	18	20	21	22	25	27
	2	11	13	14	16	18	22	23	25	29
	0	1	2	4	11	14	15	17	22	24	27	29
	1	2	3	5	8	9	10	12	13	14	15	17	18	19	20	21	26	28
	0	1	3	4	5	7	8	11	13	18	21	23	25	26	28
	0	2	3	4	5	6	9	11	12	15	16	17	19	20	23	24	26	27	28	29
	4	5	7	8	9	10	11	16	21	23	24	26	27	29
	1	3	7	10	11	13	16	18	21	24	26	27	28
	3	5	7	8	9	13	14	15	20	27	28
	2	4	5	6	10	11	13	18	19	20	22	23	25	28	29
	3	4	5	7	8	9	11	12	15	17	20	21	23	26	27	28
	1	3	4	6	11	13	17	20	22	25	27
	0	1	2	3	4	5	7	8	11	13	16	17	18	19	22	25	26	27
	3	4	6	8	11	12	14	15	18	23	25	28
	0	4	5	6	8	9	10	17	19	20	25	28
	0	2	5	7	9	12	13	14	17	18	21	24	25	26	27	28
	3	4	10	13	14	15	23	25	26	27
	1	5	7	8	9	12	17	19	20	21	22	23	24	26	27	28
	2	5	6	11	12	13	14	15	18	20	23	24	25	27	29
	2	4	5	8	10	13	14	15	16	18	19	20	23	24	25	26	28
	0	3	5	6	7	11	12	13	15	16	17	18	21	22	23	25	27	29
	1	2	3	4	5	6	7	9	10	13	14	17	26	28

beamk
	4000.000	4000.000	4000.000	4000.000	4000.000	4000.000	4000.000	4000.000	4000.000
	4000.000	4000.000	4000.000	4000.000	4000.000	4000.000	4000.000	4000.000	4000.000
	4000.000	4000.000	4000.000	4000.000	4000.000	4000.000	4000.000	4000.000	4000.000	4000.000	4000.000
	4000.000	4000.000	4000.000	4000.000	4000.000	4000.000	4000.000	4000.000	4000.000	4000.000	4000.000	4000.000	4000.000
	4000.000	4000.000	4000.000	4000.000	4000.000	4000.000	4000.000	4000.000	4000.000	4000.000	4000.000	4000.000	4000.000	4000.000	4000.000
	4000.000	4000.000	4000.000	4000.000	4000.000	4000.000	4000.000	4000.000	4000.000	4000.000	4000.000	4000.000	4000.000	4000.000	4000.000	4000.000	4000.000
	4000.000	4000.000	4000.000	139.252	128.489	111.670	89.614	114.314	84.280	71.529	79.650
	4000.000	4000.000	4000.000	4000.000	79.166	58.540	147.122	95.379	127.419	86.249	116.103	62.261	131.969	63.434	60.556
	4000.000	4000.000	79.166	133.127	133.113	95.063	86.100	98.069	102.258	124.002	51.693	132.441	91.185
	4000.000	92.044	60.811	99.865	85.318	63.671	122.586	123.724	60.584	104.350
	4000.000	4000.000	4000.000	4000.000	54.141	80.984	92.156	146.169	56.357	142.934	73.918	136.412
	4000.000	4000.000	4000.000	4000.000	133.127	92.044	54.141	73.208	86.129	76.867	120.368	96.659	148.011	140.945	107.876	59.615	118.564	146.361
	4000.000	4000.000	4000.000	4000.000	4000.000	58.540	133.113	73.208	102.600	118.304	123.936	76.739	107.875	76.439	98.859
	4000.000	4000.000	4000.000	4000.000	4000.000	139.252	60.811	86.129	102.600	72.871	143.164	111.467	64.804	124.034	137.345	79.347	114.462	113.700	136.571	129.735
	4000.000	4000.000	147.122	95.063	99.865	80.984	76.867	86.756	101.871	101.684	131.030	141.745	105.445	116.171
	4000.000	4000.000	95.379	92.156	120.368	72.871	140.621	56.549	54.531	90.652	50.379	142.124	97.570
	4000.000	4000.000	127.419	86.100	85.318	143.164	86.756	140.621	120.059	130.903	114.195
	4000.000	4000.000	4000.000	128.489	146.169	96.659	111.467	70.917	116.727	62.138	94.029	90.629	102.577	87.676	98.791
	4000.000	4000.000	4000.000	86.249	98.069	63.671	148.011	118.304	56.549	70.917	91.704	66.799	148.561	63.343	103.972	107.642
	4000.000	4000.000	4000.000	111.670	140.945	64.804	116.727	75.476	112.622	81.002	106.293
	4000.000	4000.000	4000.000	4000.000	4000.000	4000.000	116.103	102.258	107.876	124.034	120.059	62.138	91.704	75.476	80.778	55.748	113.390	144.290
	4000.000	4000.000	89.614	124.002	59.615	123.936	101.871	54.531	66.799	130.235	65.332	54.049
	4000.000	4000.000	4000.000	114.314	51.693	122.586	56.357	94.029	112.622	80.778	94.005	119.405
	4000.000	4000.000	4000.000	62.261	123.724	76.739	137.345	101.684	90.629	148.561	130.235	71.715	124.154	139.214	110.704	69.719
	4000.000	4000.000	142.934	79.347	131.030	90.652	71.715	144.687	102.602	146.607
	4000.000	4000.000	131.969	132.441	60.584	107.875	102.577	81.002	55.748	65.332	94.005	124.154	144.687	100.129	138.083	70.061
	4000.000	4000.000	84.280	118.564	76.439	114.462	141.745	50.379	63.343	113.390	139.214	102.602	100.129	101.140	82.292
	4000.000	4000.000	4000.000	91.185	73.918	113.700	105.445	142.124	130.903	103.972	106.293	144.290	110.704	146.607	138.083	101.140	72.931
	4000.000	4000.000	4000.000	71.529	63.434	146.361	98.859	136.571	97.570	114.195	87.676	107.642	54.049	119.405	69.719	70.061	72.931	146.946
	4000.000	4000.000	4000.000	4000.000	4000.000	79.650	60.556	104.350	136.412	129.735	116.171	98.791	82.292	146.946

beaml
	2.000	2.000	2.000	2.000	2.000	2.000	2.000	2.000	2.000
	2.000	2.000	2.000	2.000	2.000	2.000	2.000	2.000	2.000
	2.000	2.000	2.000	2.000	2.000	2.000	2.000	2.000	2.000	2.000	2.000
	2.000	2.000	2.000	2.000	2.000	2.000	2.000	2.000	2.000	2.000	2.000	2.000	2.000
	2.000	2.000	2.000	2.000	2.000	2.000	2.000	2.000	2.000	2.000	2.000	2.000	2.000	2.000	2.000
	2.000	2.000	2.000	2.000	2.000	2.000	2.000	2.000	2.000	2.000	2.000	2.000	2.000	2.000	2.000	2.000	2.000
	2.000	2.000	2.000	0.213	0.338	0.784	0.490	0.392	0.493	0.530	0.465
	2.000	2.000	2.000	2.000	0.222	0.292	0.767	0.409	0.276	0.406	0.211	0.730	0.279	0.660	0.627
	2.000	2.000	0.222	0.400	0.589	0.608	0.558	0.434	0.575	0.655	0.718	0.548	0.443
	2.000	0.394	0.252	0.637	0.250	0.667	0.265	0.512	0.449	0.709
	2.000	2.000	2.000	2.000	0.408	0.754	0.236	0.461	0.508	0.357	0.510	0.553
	2.000	2.000	2.000	2.000	0.400	0.394	0.408	0.739	0.392	0.630	0.508	0.307	0.741	0.298	0.540	0.319	0.716	0.693
	2.000	2.000	2.000	2.000	2.000	0.292	0.589	0.739	0.342	0.717	0.303	0.675	0.599	0.515	0.678
	2.000	2.000	2.000	2.000	2.000	0.213	0.252	0.392	0.342	0.380	0.357	0.274	0.489	0.582	0.266	0.425	0.299	0.610	0.790	0.347
	2.000	2.000	0.767	0.608	0.637	0.754	0.630	0.441	0.586	0.739	0.364	0.798	0.607	0.203
	2.000	2.000	0.409	0.236	0.508	0.380	0.599	0.349	0.480	0.639	0.475	0.472	0.280
	2.000	2.000	0.276	0.558	0.250	0.357	0.441	0.599	0.578	0.267	0.549
	2.000	2.000	2.000	0.338	0.461	0.307	0.274	0.651	0.227	0.488	0.602	0.670	0.634	0.653	0.730
	2.000	2.000	2.000	0.406	0.434	0.667	0.741	0.717	0.349	0.651	0.387	0.613	0.241	0.457	0.327	0.642
	2.000	2.000	2.000	0.784	0.298	0.489	0.227	0.398	0.304	0.725	0.482
	2.000	2.000	2.000	2.000	2.000	2.000	0.211	0.575	0.540	0.582	0.578	0.488	0.387	0.398	0.717	0.769	0.611	0.764
	2.000	2.000	0.490	0.655	0.319	0.303	0.586	0.480	0.613	0.706	0.554	0.394
	2.000	2.000	2.000	0.392	0.718	0.265	0.508	0.602	0.304	0.717	0.335	0.214
	2.000	2.000	2.000	0.730	0.512	0.675	0.266	0.739	0.670	0.241	0.706	0.715	0.493	0.374	0.402	0.744
	2.000	2.000	0.357	0.425	0.364	0.639	0.715	0.332	0.756	0.291
	2.000	2.000	0.279	0.548	0.449	0.599	0.634	0.725	0.769	0.554	0.335	0.493	0.332	0.596	0.727	0.572
	2.000	2.000	0.493	0.716	0.515	0.299	0.798	0.475	0.457	0.611	0.374	0.756	0.596	0.792	0.710
	2.000	2.000	2.000	0.443	0.510	0.610	0.607	0.472	0.267	0.327	0.482	0.764	0.402	0.291	0.727	0.792	0.649
	2.000	2.000	2.000	0.530	0.660	0.693	0.678	0.790	0.280	0.549	0.653	0.642	0.394	0.214	0.744	0.572	0.649	0.631
	2.000	2.000	2.000	2.000	2.000	0.465	0.627	0.709	0.553	0.347	0.203	0.730	0.710	0.631

fail
	F	F	F	F	F	F	F	F	F
	F	F	F	F	F	F	F	F	F
	F	F	F	F	F	F	F	F	F	F	F
	F	F	F	F	F	F	F	F	F	F	F	F	F
	F	F	F	F	F	F	F	F	F	F	F	F	F	F	F
	F	F	F	F	F	F	F	F	F	F	F	F	F	F	F	F	F
	F	F	F	T	T	T	F	F	T	T	T
	F	F	F	F	T	T	T	T	T	T	T	T	T	T	T
	F	F	T	F	T	T	F	T	T	T	F	T	T
	F	F	T	T	T	T	T	T	T	T
	F	F	F	F	T	T	T	T	T	F	T	T
	F	F	F	F	F	F	T	T	T	T	T	T	T	T	T	T	F	T
	F	F	F	F	F	T	T	T	T	T	T	T	T	F	T
	F	F	F	F	F	T	T	T	T	T	F	F	T	T	T	T	T	T	T	T
	F	F	T	T	T	T	T	T	T	F	T	T	T	T
	F	F	T	T	T	T	T	T	T	T	T	T	T
	F	F	T	F	T	F	T	T	T	T	T
	F	F	F	T	T	T	F	F	F	T	T	T	T	T	T
	F	F	F	T	T	T	T	T	T	F	T	T	T	T	T	T
	F	F	F	T	T	T	F	T	T	T	T
	F	F	F	F	F	F	T	T	T	T	T	T	T	T	T	T	T	T
	F	F	F	T	T	T	T	T	T	T	T	T
	F	F	F	F	F	T	T	T	T	T	T	T
	F	F	F	T	T	T	T	F	T	T	T	T	T	F	T	T
	F	F	F	T	T	T	T	F	F	T
	F	F	T	T	T	T	T	T	T	T	T	T	F	T	F	F
	F	F	T	F	F	T	T	T	T	T	F	F	T	T	T
	F	F	F	T	T	T	T	T	T	T	T	T	T	T	F	T	T
	F	F	F	T	T	T	T	T	T	T	T	T	T	T	T	F	T	T
	F	F	F	F	F	T	T	T	T	T	T	T	T	T
