Nodes: 30
Max Connections: 20

beami
	24	9	20	21	26	23	25	8	29
	26	7	10	29	15	20	12	11
	12	19	20	26	13	28	10
	15	16	23	10	24	25	26	7	21	28	20
	25	24	26	13	14	8	20	29	17	9
	29	18
	7	18	13	20	25	3	8	5	14	27	20
	1	16	6	19	28	16	11	18	9	15	24	20	6	6
	13	23	26	1	13	4	25	22	27
	22	24	0	12	15	29	10	2	4	27	7	24	29	13	23	22	24	20	12
	3	28	29	1	13	18	23	24	27	24	19	28	29	27	9	13	18	16
	26	21	24	1	13	23	21	21	26
	9	18	20	22	2	23	16	22	5	7	23	9	1	26
	8	10	18	6	22	14	10	6
	15	3	19	13	12	18	6	20	27
	3	9	16	14	22	27	16	9	16	21	1	14	27	2	14	7
	15	24	3	7	17	8	18	15	28
	20	24	22	18	8	24	4	7	19	25	20	15	27
	6	13	27	28	5	10	12	25	13	22	10	23	21	7	17	10	25	27	13
	2	22	17	1	26	5	10	0	12	27
	0	2	6	26	12	17	25	26	6	3	25	4	25
	0	11	27	28	4	3	19	27
	9	12	15	26	26	18	15	8	24	9	7	14
	3	8	10	12	27	12	8	11	9	21	20	19	27
	0	4	9	17	3	10	16	27	16	10	16	9	9	1	26	25
	3	4	6	20	26	18	20	20	21	19	26
	1	22	2	3	4	8	11	20	25	6	21	25	8
	15	21	23	28	10	18	8	18	16	24	23	4	19	28	20	6	15	15	7	28
	10	18	27	17	6	3	8	27
	1	10	5	9	27	7	4	26

beamk
	4000.000	4000.000	4000.000	4000.000	4000.000	4000.000	4000.000	4000.000	4000.000
	4000.000	4000.000	4000.000	4000.000	4000.000	4000.000	4000.000	4000.000
	4000.000	4000.000	4000.000	4000.000	4000.000	4000.000	4000.000
	4000.000	4000.000	4000.000	4000.000	4000.000	4000.000	4000.000	4000.000	4000.000	4000.000	4000.000
	4000.000	4000.000	4000.000	4000.000	4000.000	4000.000	4000.000	4000.000	4000.000	4000.000
	4000.000	4000.000
	9.188	10.093	95.518	132.540	119.466	4000.000	2.258	4000.000	133.549	8.154	5.831
	4000.000	10.031	50.067	4.548	1.769	106.003	1.561	10.764	10.492	4.168	4.071	111.772	50.067	9.188
	10.170	145.101	59.510	4000.000	10.170	4000.000	8.545	8.151	10.117
	1.303	6.169	4000.000	142.106	101.737	51.922	9.496	4000.000	4000.000	137.904	10.492	149.499	10.393	2.611	140.481	69.572	6.169	10.155	2.583
	4000.000	1.550	3.306	4000.000	52.893	97.249	92.668	92.167	109.266	3.840	8.558	1.550	3.306	7.204	9.496	52.893	3.643	5.452
	1.768	95.188	5.220	4000.000	64.340	9.016	2.223	95.188	1.768
	2.583	6.758	9.639	2.325	4000.000	136.186	2.114	2.325	4000.000	4.510	136.186	2.583	4000.000	5.308
	10.170	3.698	2.812	95.518	8.067	7.938	52.893	95.518
	5.045	4000.000	118.706	7.938	10.852	105.907	133.549	9.333	9.922
	4000.000	6.103	2.518	74.312	50.918	56.497	2.518	101.737	87.361	2.670	4000.000	74.312	4.589	4000.000	5.045	4.168
	2.518	8.234	4000.000	106.003	105.542	6.339	6.652	87.361	1.133
	55.909	74.160	65.182	7.327	5.995	5.537	4000.000	10.461	4.299	1.490	55.909	119.513	9.358
	10.093	2.812	1.986	8.439	4000.000	97.249	112.774	51.836	56.911	114.545	97.249	3.866	145.090	10.764	7.327	3.643	51.836	56.131	2.812
	4000.000	9.921	4.299	4000.000	9.974	4000.000	8.558	4000.000	7.981	1.660
	4000.000	4000.000	5.831	2.971	109.769	55.909	138.337	140.961	5.831	4000.000	138.337	4000.000	3.043
	4000.000	95.188	63.912	9.110	4000.000	4000.000	9.286	63.912
	1.303	2.325	50.918	129.144	3.545	114.545	3.423	8.151	1.906	1.303	86.569	1.564
	4000.000	9.058	92.668	136.186	105.534	1.996	145.101	9.016	140.481	80.359	106.607	109.074	105.534
	4000.000	4000.000	6.169	5.537	4000.000	92.167	80.420	3.857	80.420	92.167	8.234	149.499	6.169	4000.000	10.909	10.002
	4000.000	4000.000	8.486	3.043	8.777	51.836	3.043	138.337	76.752	7.480	8.777
	4000.000	3.545	4000.000	4000.000	4000.000	59.510	76.924	140.961	134.546	3.916	4.916	134.546	4.778
	4.589	10.580	1.703	5.838	109.266	56.131	10.117	56.131	8.711	3.857	1.703	4000.000	1.660	5.838	1.257	8.154	4.589	56.497	8.601	93.414
	110.638	71.312	93.414	1.635	67.550	4000.000	5.111	5.838
	4000.000	3.306	4000.000	51.922	5.479	149.846	4000.000	94.733

beaml
	2.000	2.000	2.000	2.000	2.000	2.000	2.000	2.000	2.000
	2.000	2.000	2.000	2.000	2.000	2.000	2.000	2.000
	2.000	2.000	2.000	2.000	2.000	2.000	2.000
	2.000	2.000	2.000	2.000	2.000	2.000	2.000	2.000	2.000	2.000	2.000
	2.000	2.000	2.000	2.000	2.000	2.000	2.000	2.000	2.000	2.000
	2.000	2.000
	0.262	0.278	0.380	0.346	0.369	2.000	0.218	2.000	0.754	0.238	0.264
	2.000	0.243	0.304	0.291	0.209	0.664	0.209	0.220	0.216	0.208	0.271	0.295	0.304	0.262
	0.290	0.625	0.393	2.000	0.290	2.000	0.240	0.231	0.291
	0.249	0.230	2.000	0.296	0.274	0.280	0.218	2.000	2.000	0.259	0.216	0.555	0.280	0.227	0.498	0.679	0.230	0.212	0.211
	2.000	0.219	0.287	2.000	0.254	0.396	0.331	0.686	0.240	0.238	0.267	0.219	0.287	0.275	0.218	0.254	0.200	0.287
	0.297	0.429	0.288	2.000	0.719	0.213	0.263	0.429	0.297
	0.211	0.221	0.264	0.254	2.000	0.736	0.274	0.254	2.000	0.258	0.736	0.211	2.000	0.226
	0.290	0.245	0.263	0.380	0.202	0.257	0.254	0.380
	0.232	2.000	0.400	0.257	0.252	0.215	0.754	0.214	0.245
	2.000	0.266	0.207	0.637	0.624	0.270	0.207	0.274	0.513	0.240	2.000	0.637	0.259	2.000	0.232	0.208
	0.207	0.270	2.000	0.664	0.316	0.256	0.202	0.513	0.285
	0.221	0.331	0.427	0.230	0.212	0.237	2.000	0.290	0.268	0.265	0.221	0.400	0.202
	0.278	0.263	0.287	0.295	2.000	0.396	0.572	0.216	0.562	0.438	0.396	0.293	0.607	0.220	0.230	0.200	0.216	0.783	0.263
	2.000	0.205	0.268	2.000	0.257	2.000	0.267	2.000	0.284	0.285
	2.000	2.000	0.264	0.256	0.488	0.221	0.538	0.790	0.264	2.000	0.538	2.000	0.257
	2.000	0.429	0.275	0.236	2.000	2.000	0.201	0.275
	0.249	0.254	0.624	0.792	0.209	0.438	0.246	0.231	0.268	0.249	0.374	0.236
	2.000	0.288	0.331	0.736	0.493	0.225	0.625	0.213	0.498	0.755	0.372	0.553	0.493
	2.000	2.000	0.230	0.237	2.000	0.686	0.739	0.202	0.739	0.686	0.270	0.555	0.230	2.000	0.277	0.208
	2.000	2.000	0.204	0.257	0.284	0.216	0.257	0.538	0.289	0.279	0.284
	2.000	0.209	2.000	2.000	2.000	0.393	0.488	0.790	0.745	0.203	0.224	0.745	0.235
	0.259	0.234	0.296	0.220	0.240	0.783	0.291	0.783	0.239	0.202	0.296	2.000	0.285	0.220	0.258	0.238	0.259	0.270	0.201	0.336
	0.252	0.409	0.336	0.203	0.599	2.000	0.203	0.220
	2.000	0.287	2.000	0.280	0.259	0.229	2.000	0.669