Nodes: 30
Max Connections: 20

beami
	8	9	13	20	21	23	24	25	27
	6	7	9	10	11	12	13	15	19	20	22	24	25	26	28	29
	8	9	10	11	12	13	17	19	20	23	24	26	28
	6	7	10	11	15	16	18	20	21	22	23	24	25	26	28
	8	9	10	12	13	14	17	18	20	21	24	25	26	27	29
	6	12	14	18	26	29
	1	3	5	7	8	10	13	15	17	18	20	23	25	26	27
	1	3	6	9	10	11	12	15	16	17	18	19	24	25	26	27	28
	0	2	4	6	13	16	17	18	20	21	22	23	24	25	26	27	28
	0	1	2	4	7	10	12	13	15	16	20	22	24	26	29
	1	2	3	4	6	7	9	13	16	17	18	19	21	23	24	26	27	28	29
	1	2	3	7	14	18	20	21	23	24	26
	1	2	4	5	7	9	13	14	16	18	19	20	21	22	23	24	25	26
	0	1	2	4	6	8	9	10	12	14	17	18	19	22	28	29
	4	5	11	12	13	15	17	20	22	24	27	28
	1	3	6	7	9	14	16	18	20	21	22	24	27
	3	7	8	9	10	12	15	18	24	27	28
	2	4	6	7	8	10	13	14	18	19	20	21	24	25	26	27	28	29
	3	4	5	6	7	8	10	11	12	13	15	16	17	20	23	25	27	28
	1	2	7	10	12	13	17	21	22	25	26	27	28
	0	1	2	3	4	6	8	9	11	12	14	15	17	18	25	26	27
	0	3	4	8	10	11	12	15	17	19	26	27	28	29
	1	3	8	9	12	13	14	15	19	24	26	27	29
	0	2	3	6	8	10	11	12	18	24	27	28	29
	0	1	2	3	4	7	8	9	10	11	12	14	15	16	17	22	23	25	26	27
	0	1	3	4	6	7	8	12	17	18	19	20	24	26	28
	1	2	3	4	5	6	7	8	9	10	11	12	17	19	20	21	22	24	25	27
	0	4	6	7	8	10	14	15	16	17	18	19	20	21	22	23	24	26	28	29
	1	2	3	7	8	10	13	14	16	17	18	19	21	23	25	27
	1	4	5	9	10	13	17	21	22	23	27

beamk
	4000.000	4000.000	4000.000	4000.000	4000.000	4000.000	4000.000	4000.000	4000.000
	4000.000	4000.000	4000.000	4000.000	4000.000	4000.000	4000.000	4000.000	4000.000	4000.000	4000.000	4000.000	4000.000	4000.000	4000.000	4000.000
	4000.000	4000.000	4000.000	4000.000	4000.000	4000.000	4000.000	4000.000	4000.000	4000.000	4000.000	4000.000	4000.000
	4000.000	4000.000	4000.000	4000.000	4000.000	4000.000	4000.000	4000.000	4000.000	4000.000	4000.000	4000.000	4000.000	4000.000	4000.000
	4000.000	4000.000	4000.000	4000.000	4000.000	4000.000	4000.000	4000.000	4000.000	4000.000	4000.000	4000.000	4000.000	4000.000	4000.000
	4000.000	4000.000	4000.000	4000.000	4000.000	4000.000
	4000.000	4000.000	4000.000	9.188	2.258	2.131	4.480	4.422	2.976	10.093	5.831	2.744	8.486	3.916	8.154
	4000.000	4000.000	9.188	10.492	2.468	1.561	4.510	4.168	10.031	10.461	10.764	4.548	4.071	7.894	10.039	8.601	1.769
	4000.000	4000.000	4000.000	2.258	10.170	6.339	5.995	9.065	6.867	8.002	8.151	9.058	4.290	8.545	4.778	10.117	5.111
	4000.000	4000.000	4000.000	4000.000	10.492	9.496	2.583	2.611	6.103	8.272	10.155	1.303	6.169	5.766	10.393
	4000.000	4000.000	4000.000	4000.000	2.131	2.468	9.496	3.698	5.452	7.801	3.643	8.558	10.681	8.978	3.840	2.721	7.204	1.550	3.306
	4000.000	4000.000	4000.000	1.561	10.610	6.956	9.383	2.223	9.016	5.220	1.768
	4000.000	4000.000	4000.000	4000.000	4.510	2.583	1.905	10.852	2.114	6.758	7.981	9.639	4.430	2.325	1.996	1.268	10.150	5.308
	4000.000	4000.000	4000.000	4000.000	4.480	10.170	2.611	3.698	1.905	7.938	6.424	2.812	3.419	8.067	4.683	10.068
	4000.000	4000.000	10.610	10.852	7.938	5.045	3.804	9.333	1.564	1.692	9.922	3.605
	4000.000	4000.000	4.422	4.168	6.103	5.045	2.518	10.558	4.337	2.670	3.423	8.874	4.589
	4000.000	10.031	6.339	8.272	5.452	2.114	2.518	6.652	8.234	8.711	1.133
	4000.000	4000.000	2.976	10.461	5.995	7.801	6.424	3.804	7.327	4.299	10.192	8.690	5.537	1.490	8.494	9.358	1.635	8.950
	4000.000	4000.000	4000.000	10.093	10.764	9.065	3.643	6.956	6.758	2.812	10.558	6.652	7.327	3.312	3.866	8.406	1.986	8.439
	4000.000	4000.000	4.548	8.558	7.981	3.419	4.299	9.286	9.921	7.480	9.974	1.660	1.036
	4000.000	4000.000	4000.000	4000.000	4000.000	5.831	6.867	10.155	9.383	9.639	9.333	4.337	10.192	3.312	3.043	2.971	1.257
	4000.000	4000.000	4000.000	8.002	10.681	2.223	4.430	2.670	8.690	9.286	4.916	10.580	9.110	9.147
	4000.000	4000.000	8.151	1.303	2.325	8.067	1.564	3.423	9.921	1.906	3.545	9.175	3.216
	4000.000	4000.000	4000.000	2.744	9.058	8.978	9.016	1.996	3.866	8.380	1.703	5.074	8.705
	4000.000	4000.000	4000.000	4000.000	4000.000	4.071	4.290	6.169	3.840	5.220	1.268	1.692	8.874	8.234	5.537	1.906	8.380	10.002	10.909	3.857
	4000.000	4000.000	4000.000	4000.000	8.486	7.894	8.545	10.150	1.490	8.406	7.480	3.043	10.002	8.777	3.329
	4000.000	4000.000	4000.000	4000.000	4000.000	3.916	10.039	4.778	5.766	2.721	1.768	5.308	8.494	9.974	2.971	4.916	3.545	10.909	8.777	6.814
	4000.000	4000.000	8.154	8.601	10.117	7.204	9.922	4.589	8.711	9.358	1.986	1.660	1.257	10.580	9.175	1.703	3.857	6.814	5.838	5.479
	4000.000	4000.000	4000.000	1.769	5.111	1.550	4.683	3.605	1.133	1.635	8.439	1.036	9.110	5.074	3.329	5.838
	4000.000	4000.000	4000.000	10.393	3.306	10.068	8.950	9.147	3.216	8.705	5.479

beaml
	2.000	2.000	2.000	2.000	2.000	2.000	2.000	2.000	2.000
	2.000	2.000	2.000	2.000	2.000	2.000	2.000	2.000	2.000	2.000	2.000	2.000	2.000	2.000	2.000	2.000
	2.000	2.000	2.000	2.000	2.000	2.000	2.000	2.000	2.000	2.000	2.000	2.000	2.000
	2.000	2.000	2.000	2.000	2.000	2.000	2.000	2.000	2.000	2.000	2.000	2.000	2.000	2.000	2.000
	2.000	2.000	2.000	2.000	2.000	2.000	2.000	2.000	2.000	2.000	2.000	2.000	2.000	2.000	2.000
	2.000	2.000	2.000	2.000	2.000	2.000
	2.000	2.000	2.000	0.262	0.218	0.254	0.242	0.237	0.215	0.278	0.264	0.299	0.204	0.203	0.238
	2.000	2.000	0.262	0.216	0.231	0.209	0.258	0.208	0.243	0.290	0.220	0.291	0.271	0.276	0.211	0.201	0.209
	2.000	2.000	2.000	0.218	0.290	0.256	0.212	0.282	0.298	0.200	0.231	0.288	0.248	0.240	0.235	0.291	0.203
	2.000	2.000	2.000	2.000	0.216	0.218	0.211	0.227	0.266	0.299	0.212	0.249	0.230	0.237	0.280
	2.000	2.000	2.000	2.000	0.254	0.231	0.218	0.245	0.287	0.278	0.200	0.267	0.243	0.244	0.238	0.214	0.275	0.219	0.287
	2.000	2.000	2.000	0.209	0.285	0.204	0.225	0.263	0.213	0.288	0.297
	2.000	2.000	2.000	2.000	0.258	0.211	0.289	0.252	0.274	0.221	0.284	0.264	0.206	0.254	0.225	0.248	0.256	0.226
	2.000	2.000	2.000	2.000	0.242	0.290	0.227	0.245	0.289	0.257	0.223	0.263	0.291	0.202	0.208	0.262
	2.000	2.000	0.285	0.252	0.257	0.232	0.215	0.214	0.236	0.288	0.245	0.253
	2.000	2.000	0.237	0.208	0.266	0.232	0.207	0.268	0.226	0.240	0.246	0.257	0.259
	2.000	0.243	0.256	0.299	0.287	0.274	0.207	0.202	0.270	0.239	0.285
	2.000	2.000	0.215	0.290	0.212	0.278	0.223	0.215	0.230	0.268	0.251	0.286	0.237	0.265	0.225	0.202	0.203	0.214
	2.000	2.000	2.000	0.278	0.220	0.282	0.200	0.204	0.221	0.263	0.268	0.202	0.230	0.225	0.293	0.272	0.287	0.295
	2.000	2.000	0.291	0.267	0.284	0.291	0.268	0.201	0.205	0.279	0.257	0.285	0.200
	2.000	2.000	2.000	2.000	2.000	0.264	0.298	0.212	0.225	0.264	0.214	0.226	0.251	0.225	0.257	0.256	0.258
	2.000	2.000	2.000	0.200	0.243	0.263	0.206	0.240	0.286	0.201	0.224	0.234	0.236	0.213
	2.000	2.000	0.231	0.249	0.254	0.202	0.236	0.246	0.205	0.268	0.209	0.243	0.244
	2.000	2.000	2.000	0.299	0.288	0.244	0.213	0.225	0.293	0.204	0.296	0.209	0.222
	2.000	2.000	2.000	2.000	2.000	0.271	0.248	0.230	0.238	0.288	0.248	0.288	0.257	0.270	0.237	0.268	0.204	0.208	0.277	0.202
	2.000	2.000	2.000	2.000	0.204	0.276	0.240	0.256	0.265	0.272	0.279	0.257	0.208	0.284	0.284
	2.000	2.000	2.000	2.000	2.000	0.203	0.211	0.235	0.237	0.214	0.297	0.226	0.225	0.257	0.256	0.224	0.209	0.277	0.284	0.277
	2.000	2.000	0.238	0.201	0.291	0.275	0.245	0.259	0.239	0.202	0.287	0.285	0.258	0.234	0.243	0.296	0.202	0.277	0.220	0.259
	2.000	2.000	2.000	0.209	0.203	0.219	0.208	0.253	0.285	0.203	0.295	0.200	0.236	0.209	0.284	0.220
	2.000	2.000	2.000	0.280	0.287	0.262	0.214	0.213	0.244	0.222	0.259

fail
	F	F	F	F	F	F	F	F	F
	F	F	F	F	F	F	F	F	F	F	F	F	F	F	F	F
	F	F	F	F	F	F	F	F	F	F	F	F	F
	F	F	F	F	F	F	F	F	F	F	F	F	F	F	F
	F	F	F	F	F	F	F	F	F	F	F	F	F	F	F
	F	F	F	F	F	F
	F	F	F	T	T	T	T	T	F	T	T	T	T	T	F
	F	F	T	T	T	T	T	T	T	T	T	T	T	T	F	T	T
	F	F	F	T	T	F	F	T	T	T	T	T	T	T	T	T	T
	F	F	F	F	T	T	T	T	T	T	T	T	T	T	T
	F	F	F	F	T	T	T	T	F	T	T	F	T	T	T	T	T	T	T
	F	F	F	T	F	T	T	T	T	T	T
	F	F	F	F	T	T	T	F	F	T	F	T	T	T	T	T	T	T
	F	F	F	F	T	T	T	T	T	F	F	T	F	T	T	T
	F	F	F	F	F	T	T	T	T	T	T	F
	F	F	T	T	T	T	T	F	F	F	T	T	T
	F	T	F	T	F	F	T	T	F	F	F
	F	F	F	T	F	T	F	T	T	T	T	T	F	T	F	T	F	F
	F	F	F	T	T	T	T	T	T	T	F	T	T	T	T	T	T	T
	F	F	T	F	F	F	T	T	T	F	F	T	F
	F	F	F	F	F	T	T	T	T	T	T	F	T	T	T	T	T
	F	F	F	T	T	T	T	F	T	T	T	T	T	T
	F	F	T	T	T	T	T	T	T	T	T	T	T
	F	F	F	T	T	T	T	T	T	T	T	T	T
	F	F	F	F	F	T	T	T	T	T	T	T	T	F	F	T	T	T	T	F
	F	F	F	F	T	T	T	T	T	T	F	T	T	T	T
	F	F	F	F	F	T	F	T	T	T	T	T	F	F	T	T	T	T	T	T
	F	F	F	T	T	T	T	T	F	T	T	T	T	T	T	T	F	T	T	T
	F	F	F	T	T	T	T	F	F	F	T	F	T	T	T	T
	F	F	F	T	T	T	F	T	T	T	T
