Nodes: 30
Max Connections: 20

beami
	7	8	9	12	13	15	17	18	21	26	27	28
	7	8	9	11	13	14	15	16	18	20	28
	7	10	14	16	21	22	23	24	25	27	28
	6	7	15	18	19	21	24	27	29
	6	8	9	12	18	20	23	25	26	27	28	29
	6	11	13	14	15	17	20	22	24	26	28	29
	3	4	5	9	11	13	14	16	18	19	21	24	25	29
	0	1	2	3	12	14	19	20	21	22	23	24	25	26	28	29
	0	1	4	10	13	14	15	18	20	21	23	24	26	27	28	29
	0	1	4	6	11	12	14	16	17	18	21	22	25	26	28	29
	2	8	11	14	16	18	19	20	22	23	25	29
	1	5	6	9	10	15	17	18	19	20	25	26
	0	4	7	9	14	15	16	22	28	29
	0	1	5	6	8	15	16	17	18	19	20	21	25	26
	1	2	5	6	7	8	9	10	12	20	23	25	26	28
	0	1	3	5	8	11	12	13	16	17	18	21	22	24	25	26	27	28
	1	2	6	9	10	12	13	15	17	18	19	20	22	23	28
	0	5	9	11	13	15	16	18	19	20	21	24	25	26	27	28
	0	1	3	4	6	8	9	10	11	13	15	16	17	19	20	22	24	25
	3	6	7	10	11	13	16	17	18	20	22	23	26	27	28	29
	1	4	5	7	8	10	11	13	14	16	17	18	19	21	22	24	29
	0	2	3	6	7	8	9	13	15	17	20	22	23	25	26	29
	2	5	7	9	10	12	15	16	18	19	20	21	25	26	27
	2	4	7	8	10	14	16	19	21	25	27	28	29
	2	3	5	6	7	8	15	17	18	20	27
	2	4	6	7	9	10	11	13	14	15	17	18	21	22	23	28
	0	4	5	7	8	9	11	13	14	15	17	19	21	22	27
	0	2	3	4	8	15	17	19	22	23	24	26	29
	0	1	2	4	5	7	8	9	12	14	15	16	17	19	23	25
	3	4	5	6	7	8	9	10	12	19	20	21	23	27

beamk
	4000.000	4000.000	4000.000	4000.000	4000.000	4000.000	4000.000	4000.000	4000.000	4000.000	4000.000	4000.000
	4000.000	4000.000	4000.000	4000.000	4000.000	4000.000	4000.000	4000.000	4000.000	4000.000	4000.000
	4000.000	4000.000	4000.000	4000.000	4000.000	4000.000	4000.000	4000.000	4000.000	4000.000	4000.000
	4000.000	4000.000	4000.000	4000.000	4000.000	4000.000	4000.000	4000.000	4000.000
	4000.000	4000.000	4000.000	4000.000	4000.000	4000.000	4000.000	4000.000	4000.000	4000.000	4000.000	4000.000
	4000.000	4000.000	4000.000	4000.000	4000.000	4000.000	4000.000	4000.000	4000.000	4000.000	4000.000	4000.000
	4000.000	4000.000	4000.000	54.753	93.671	78.869	96.472	77.494	54.614	87.674	135.060	149.588	56.040	126.333
	4000.000	4000.000	4000.000	4000.000	80.770	67.031	104.545	142.006	66.415	143.565	149.584	102.075	57.510	80.230	142.238	96.485
	4000.000	4000.000	4000.000	68.873	59.451	53.016	52.600	134.196	142.416	89.678	61.695	62.725	64.654	50.534	96.606	79.203
	4000.000	4000.000	4000.000	54.753	130.614	58.285	119.785	106.747	119.472	125.233	92.412	117.339	68.163	75.034	117.473	90.737
	4000.000	68.873	60.427	101.379	145.235	138.303	102.060	146.431	50.507	93.097	72.680	100.205
	4000.000	4000.000	93.671	130.614	60.427	92.526	63.455	99.623	60.824	126.901	88.628	51.768
	4000.000	4000.000	80.770	58.285	142.620	142.088	93.616	109.653	92.832	84.084
	4000.000	4000.000	4000.000	78.869	59.451	53.822	52.995	74.692	103.918	68.377	68.576	147.612	53.676	87.760
	4000.000	4000.000	4000.000	96.472	67.031	53.016	119.785	101.379	142.620	148.869	136.619	143.944	128.881	51.922
	4000.000	4000.000	4000.000	4000.000	52.600	92.526	142.088	53.822	55.086	108.385	69.841	139.588	128.429	143.156	134.493	125.243	127.165	53.786
	4000.000	4000.000	77.494	106.747	145.235	93.616	52.995	55.086	148.320	68.161	149.703	136.807	122.674	123.739	78.767
	4000.000	4000.000	119.472	63.455	74.692	108.385	148.320	98.752	127.351	65.845	95.059	124.713	97.387	71.126	148.737	93.872
	4000.000	4000.000	4000.000	4000.000	54.614	134.196	125.233	138.303	99.623	103.918	69.841	68.161	98.752	73.386	77.342	143.157	84.514	107.423
	4000.000	87.674	104.545	102.060	60.824	68.377	149.703	127.351	73.386	52.646	134.430	116.663	62.884	124.896	123.308	57.821
	4000.000	4000.000	4000.000	142.006	142.416	146.431	126.901	68.576	148.869	136.807	65.845	77.342	52.646	115.244	110.485	137.780	104.447
	4000.000	4000.000	4000.000	135.060	66.415	89.678	92.412	147.612	139.588	95.059	115.244	94.496	111.888	112.723	58.387	143.586
	4000.000	4000.000	143.565	117.339	50.507	109.653	128.429	122.674	143.157	134.430	110.485	94.496	149.777	130.953	97.938
	4000.000	4000.000	149.584	61.695	93.097	136.619	123.739	116.663	111.888	142.925	51.331	115.948	88.386
	4000.000	4000.000	4000.000	149.588	102.075	62.725	143.156	124.713	84.514	137.780	92.470
	4000.000	4000.000	56.040	57.510	68.163	72.680	88.628	53.676	143.944	134.493	97.387	107.423	112.723	149.777	142.925	104.965
	4000.000	4000.000	4000.000	80.230	64.654	75.034	51.768	87.760	128.881	125.243	71.126	62.884	58.387	130.953	146.839
	4000.000	4000.000	4000.000	4000.000	50.534	127.165	148.737	124.896	97.938	51.331	92.470	146.839	50.472
	4000.000	4000.000	4000.000	4000.000	4000.000	142.238	96.606	117.473	92.832	51.922	53.786	78.767	93.872	123.308	115.948	104.965
	4000.000	4000.000	4000.000	126.333	96.485	79.203	90.737	100.205	84.084	57.821	104.447	143.586	88.386	50.472

beaml
	2.000	2.000	2.000	2.000	2.000	2.000	2.000	2.000	2.000	2.000	2.000	2.000
	2.000	2.000	2.000	2.000	2.000	2.000	2.000	2.000	2.000	2.000	2.000
	2.000	2.000	2.000	2.000	2.000	2.000	2.000	2.000	2.000	2.000	2.000
	2.000	2.000	2.000	2.000	2.000	2.000	2.000	2.000	2.000
	2.000	2.000	2.000	2.000	2.000	2.000	2.000	2.000	2.000	2.000	2.000	2.000
	2.000	2.000	2.000	2.000	2.000	2.000	2.000	2.000	2.000	2.000	2.000	2.000
	2.000	2.000	2.000	0.387	0.516	0.216	0.305	0.468	0.766	0.476	0.202	0.292	0.554	0.355
	2.000	2.000	2.000	2.000	0.336	0.704	0.685	0.683	0.719	0.561	0.419	0.382	0.510	0.250	0.512	0.428
	2.000	2.000	2.000	0.742	0.715	0.476	0.696	0.573	0.638	0.591	0.779	0.292	0.417	0.681	0.350	0.779
	2.000	2.000	2.000	0.387	0.426	0.381	0.470	0.618	0.710	0.798	0.252	0.377	0.466	0.516	0.456	0.574
	2.000	0.742	0.740	0.770	0.326	0.680	0.710	0.366	0.596	0.296	0.606	0.549
	2.000	2.000	0.516	0.426	0.740	0.773	0.509	0.488	0.782	0.282	0.678	0.748
	2.000	2.000	0.336	0.381	0.795	0.330	0.375	0.213	0.695	0.483
	2.000	2.000	2.000	0.216	0.715	0.721	0.774	0.308	0.740	0.636	0.394	0.710	0.414	0.697
	2.000	2.000	2.000	0.305	0.704	0.476	0.470	0.770	0.795	0.233	0.569	0.748	0.745	0.604
	2.000	2.000	2.000	2.000	0.696	0.773	0.330	0.721	0.503	0.422	0.360	0.723	0.369	0.206	0.223	0.605	0.409	0.440
	2.000	2.000	0.468	0.618	0.326	0.375	0.774	0.503	0.799	0.359	0.605	0.661	0.423	0.627	0.470
	2.000	2.000	0.710	0.509	0.308	0.422	0.799	0.320	0.309	0.418	0.417	0.567	0.790	0.617	0.521	0.693
	2.000	2.000	2.000	2.000	0.766	0.573	0.798	0.680	0.488	0.740	0.360	0.359	0.320	0.800	0.664	0.790	0.557	0.405
	2.000	0.476	0.685	0.710	0.782	0.636	0.605	0.309	0.800	0.386	0.715	0.422	0.304	0.491	0.260	0.617
	2.000	2.000	2.000	0.683	0.638	0.366	0.282	0.394	0.233	0.661	0.418	0.664	0.386	0.222	0.711	0.220	0.224
	2.000	2.000	2.000	0.202	0.719	0.591	0.252	0.710	0.723	0.417	0.222	0.446	0.532	0.588	0.635	0.602
	2.000	2.000	0.561	0.377	0.596	0.213	0.369	0.423	0.790	0.715	0.711	0.446	0.599	0.534	0.740
	2.000	2.000	0.419	0.779	0.296	0.569	0.627	0.422	0.532	0.260	0.211	0.334	0.274
	2.000	2.000	2.000	0.292	0.382	0.292	0.206	0.567	0.557	0.220	0.645
	2.000	2.000	0.554	0.510	0.466	0.606	0.678	0.414	0.748	0.223	0.790	0.405	0.588	0.599	0.260	0.241
	2.000	2.000	2.000	0.250	0.417	0.516	0.748	0.697	0.745	0.605	0.617	0.304	0.635	0.534	0.441
	2.000	2.000	2.000	2.000	0.681	0.409	0.521	0.491	0.740	0.211	0.645	0.441	0.567
	2.000	2.000	2.000	2.000	2.000	0.512	0.350	0.456	0.695	0.604	0.440	0.470	0.693	0.260	0.334	0.241
	2.000	2.000	2.000	0.355	0.428	0.779	0.574	0.549	0.483	0.617	0.224	0.602	0.274	0.567

fail
	F	F	F	F	F	F	F	F	F	F	F	F
	F	F	F	F	F	F	F	F	F	F	F
	F	F	F	F	F	F	F	F	F	F	F
	F	F	F	F	F	F	F	F	F
	F	F	F	F	F	F	F	F	F	F	F	F
	F	F	F	F	F	F	F	F	F	F	F	F
	F	F	F	T	T	T	T	T	T	F	T	T	T	F
	F	F	F	F	T	T	T	T	T	F	F	T	F	T	T	T
	F	F	F	F	F	F	T	T	T	T	T	T	T	T	F	T
	F	F	F	T	T	T	T	T	F	T	T	T	T	F	T	T
	F	F	F	T	T	T	T	T	T	T	T	T
	F	F	T	T	F	T	T	T	T	T	T	T
	F	F	T	T	T	T	T	T	T	T
	F	F	F	T	F	T	T	T	T	F	T	T	T	T
	F	F	F	T	T	F	T	T	T	T	T	T	T	T
	F	F	F	F	T	T	T	T	T	T	T	T	T	F	T	T	T	T
	F	F	T	T	T	T	T	T	T	T	T	T	T	T	T
	F	F	F	T	T	T	T	T	T	T	F	F	T	T	F	T
	F	F	F	F	T	T	T	T	T	T	T	T	T	T	T	T	T	T
	F	F	T	T	T	F	T	T	T	F	T	T	T	F	T	T
	F	F	F	T	T	T	T	T	T	T	T	T	F	T	T	T	T
	F	F	F	T	T	T	T	T	T	F	T	F	T	F	T	T
	F	F	F	T	T	T	T	T	T	T	T	F	T	T	T
	F	F	F	T	T	T	T	T	T	T	T	F	F
	F	F	F	T	T	T	F	F	T	T	T
	F	F	T	F	T	T	T	T	T	T	T	T	F	T	T	T
	F	F	F	T	T	F	T	T	T	T	T	T	T	T	T
	F	F	F	F	T	T	F	F	T	T	T	T	T
	F	F	F	F	F	T	F	T	T	T	T	T	T	T	F	T
	F	F	F	F	T	T	T	T	T	T	T	T	F	T
