defaultTheta
	1.709	0.000	0.000	0.000	0.000	2.324	0.000	0.000	0.000	0.000	2.948	0.000	0.000	0.000	0.000	0.344	0.000	0.000	0.000	0.000	1.854	0.000	0.000	0.000	0.000
	2.312
	1.503
	1.251	0.000	0.000	0.000	0.000	0.000	0.000	0.000	0.000	1.434	0.000	0.000	0.000	0.000	0.000	0.000	0.000	0.000	0.200	0.000	0.000	0.000	0.000	0.000	0.000	0.000	0.000	1.600	0.000	0.000	0.000	0.000	0.000	0.000	0.000	0.000	2.079	0.000	0.000	0.000	0.000	0.000	0.000	0.000	0.000	2.540	0.000	0.000	0.000	0.000	0.000	0.000	0.000	0.000	2.781	0.000	0.000	0.000	0.000	0.000	0.000	0.000	0.000	2.747	0.000	0.000	0.000	0.000	0.000	0.000	0.000	0.000	1.156	0.000	0.000	0.000	0.000	0.000	0.000	0.000	0.000
	0.838	0.000	0.000	0.000	0.000	0.228	0.000	0.000	2.535	0.000	0.000	0.000	0.000	0.000	2.506	0.000	0.222	0.000	0.000	0.000	0.000	0.000	0.000	0.139	1.568	0.000	0.000	0.000	0.000	0.000	0.000	0.000	0.909	0.000	0.000	0.000	0.000	0.000	0.000	0.000	0.209	0.752	0.000	0.000	0.000	0.000	0.000	0.000	1.245	0.000	0.420	0.000	0.000	0.000	0.000	0.000	0.078	0.000	0.000	2.738	0.000	0.000	0.000	0.000
	1.106	0.000	0.000	0.693	0.000	0.000	2.061	0.000	1.385
	2.474	0.000	0.000	0.000	0.000	2.921	0.000	0.000	0.000	0.000	1.224	0.000	0.000	0.000	0.000	2.744	0.000	0.000	0.000	0.000	2.631	0.000	0.000	0.000	0.000
	2.915	0.000	0.000	0.000	0.000	0.000	1.066	0.000	0.000	0.000	0.000	0.000	0.433	0.000	0.000	0.000	0.000	0.000	2.496	0.000	0.000	0.000	0.000	0.000	2.142	0.000	0.000	0.000	0.000	0.000	1.417	0.000	0.000	0.000	0.000	0.000
	0.389	0.000	0.000	0.000	2.786	0.000	0.000	0.000	1.665	0.000	0.000	0.000	1.227	0.000	0.000	0.000
	2.945	0.000	0.000	2.100	0.000	0.000	0.996	0.000	0.000
	1.658	0.000	0.000	0.000	2.796	0.000	0.000	0.000	2.161	0.000	0.000	0.000	2.085	0.000	0.000	0.000
	0.977	0.000	0.000	1.931	0.000	0.000	2.902	0.000	0.000
	1.784	0.000	0.000	2.755	0.000	0.000	1.388	0.000	0.000
	1.935	0.000	0.000	0.000	0.000	0.000	2.639	0.000	0.000	0.000	0.000	0.000	2.154	0.000	0.000	0.000	0.000	0.000	0.388	0.000	0.000	0.000	0.000	0.000	1.278	0.000	0.000	0.000	0.000	0.000	0.417	0.000	0.000	0.000	0.000	0.000
	1.896	0.000	0.000	0.000	2.822	0.000	0.000	0.000	0.530	0.000	0.000	0.000	2.760	0.000	0.000	0.000
	1.791	0.000	0.000	0.000	0.000	2.888	0.000	0.000	0.000	0.000	2.840	0.000	0.000	0.000	0.000	1.521	0.000	0.000	0.000	0.000	2.194	0.000	0.000	0.000	0.000
	2.287	0.000	0.000	0.000	0.000	0.000	0.000	0.000	0.000	0.408	0.000	0.000	0.000	0.000	0.000	0.000	0.000	0.000	0.739	0.000	0.000	0.000	0.000	0.000	0.000	0.000	0.000	0.297	0.000	0.000	0.000	0.000	0.000	0.000	0.000	0.000	0.026	0.000	0.000	0.000	0.000	0.000	0.000	0.000	0.000	1.064	0.000	0.000	0.000	0.000	0.000	0.000	0.000	0.000	2.953	0.000	0.000	0.000	0.000	0.000	0.000	0.000	0.000	1.458	0.000	0.000	0.000	0.000	0.000	0.000	0.000	0.000	1.647	0.000	0.000	0.000	0.000	0.000	0.000	0.000	0.000
	2.543	0.000	0.000	0.000	0.000	2.107	0.000	0.000	0.000	0.121	0.000	0.000	0.000	0.000	1.407	0.000	0.000	0.000	1.635	0.000	0.000	0.000	0.000	0.474	0.000	0.000	0.000	3.062	0.000	0.000	0.000	0.000	1.106	0.000	0.000	0.000	1.803	0.000	0.000	0.000	0.000	0.437	0.000	0.000	0.000	0.817	0.000	0.000	0.000	0.000	1.865	0.000	0.000	0.000	2.413	0.000	0.000	0.000	0.000	0.707	0.000	0.000	0.000	1.887	0.000	0.000	0.000	0.000	3.023	0.000	0.000	0.000	0.491	0.000	0.000	0.000	0.000	1.384	0.000	0.000	0.000
	2.285	0.000	0.000	0.000	0.000	0.586	0.257	0.000	0.000	0.000	0.000	0.000	0.595	0.000	1.411	0.000	0.000	0.000	0.169	0.000	0.000	0.000	0.000	2.758	1.981	0.000	0.000	0.000	0.000	0.000	0.976	0.000	1.688	0.000	0.000	0.000
	2.861	0.000	0.000	0.000	0.626	0.000	0.000	0.000	0.217	0.000	0.000	0.000	1.797	0.000	0.000	0.000
	0.632	0.000	0.000	1.121	0.000	0.000	2.794	0.000	0.000
	0.032	0.000	0.000	0.000	0.000	1.213	0.000	0.000	0.000	0.000	1.405	0.000	0.000	0.000	0.000	1.158	0.000	0.000	0.000	0.000	2.325	0.000	0.000	0.000	0.000
	2.976	0.000	0.000	0.000	0.000	0.000	3.035	0.000	0.000	0.000	0.000	0.000	1.160	0.000	0.000	0.000	0.000	0.000	0.987	0.000	0.000	0.000	0.000	0.000	2.900	0.000	0.000	0.000	0.000	0.000	2.650	0.000	0.000	0.000	0.000	0.000
	3.023	0.000	0.000	0.000	2.894	0.000	0.000	0.000	0.988	0.000	0.000	0.000	1.899	0.000	0.000	0.000
	2.874	0.000	0.000	0.000	0.000	0.000	0.000	1.957	0.000	0.000	0.000	0.000	0.000	0.000	2.462	0.000	0.000	0.000	0.000	0.000	0.000	2.180	0.000	0.000	0.000	0.000	0.000	0.000	2.003	0.000	0.000	0.000	0.000	0.000	0.000	1.628	0.000	0.000	0.000	0.000	0.000	0.000	2.315	0.000	0.000	0.000	0.000	0.000	0.000
	0.682	0.000	0.000	0.000	0.000	2.405	0.000	0.000	0.000	0.000	1.028	0.000	0.000	0.000	0.000	2.764	0.000	0.000	0.000	0.000	0.301	0.000	0.000	0.000	0.000
	2.770	0.000	0.000	0.000	0.000	0.000	0.000	0.000	0.460	0.000	0.000	0.000	0.000	0.000	0.000	0.000	2.099	0.000	0.000	0.000	0.000	0.000	0.000	0.000	2.758	0.000	0.000	0.000	0.000	0.000	0.000	0.000	1.295	0.000	0.000	0.000	0.000	0.000	0.000	0.000	2.016	0.000	0.000	0.000	0.000	0.000	0.000	0.000	1.454	0.000	0.000	0.000	0.000	0.000	0.000	0.000	2.413	0.000	0.000	0.000	0.000	0.000	0.000	0.000
	3.063	0.000	0.000	1.073	0.000	0.000	0.982	0.000	0.871
	2.200	0.000	0.000	0.608	0.000	0.000	0.571	0.000	0.000
	1.564	0.000	0.000	0.000	0.000	0.000	2.181	0.000	0.000	0.000	0.000	0.000	0.895	0.000	0.000	0.000	0.000	0.000	2.810	0.000	0.000	0.000	0.000	0.000	1.010	0.000	0.000	0.000	0.000	0.000	2.888	0.000	0.000	0.000	0.000	0.000

angleSpringConst
	1.709	0.000	0.000	0.000	0.000	2.324	0.000	0.000	0.000	0.000	2.948	0.000	0.000	0.000	0.000	0.344	0.000	0.000	0.000	0.000	1.854	0.000	0.000	0.000	0.000
	2.312
	1.503
	1.251	0.000	0.000	0.000	0.000	0.000	0.000	0.000	0.000	1.434	0.000	0.000	0.000	0.000	0.000	0.000	0.000	0.000	0.200	0.000	0.000	0.000	0.000	0.000	0.000	0.000	0.000	1.600	0.000	0.000	0.000	0.000	0.000	0.000	0.000	0.000	2.079	0.000	0.000	0.000	0.000	0.000	0.000	0.000	0.000	2.540	0.000	0.000	0.000	0.000	0.000	0.000	0.000	0.000	2.781	0.000	0.000	0.000	0.000	0.000	0.000	0.000	0.000	2.747	0.000	0.000	0.000	0.000	0.000	0.000	0.000	0.000	1.156	0.000	0.000	0.000	0.000	0.000	0.000	0.000	0.000
	0.838	0.000	0.000	0.000	0.000	0.228	0.000	0.000	2.535	0.000	0.000	0.000	0.000	0.000	2.506	0.000	0.222	0.000	0.000	0.000	0.000	0.000	0.000	0.139	1.568	0.000	0.000	0.000	0.000	0.000	0.000	0.000	0.909	0.000	0.000	0.000	0.000	0.000	0.000	0.000	0.209	0.752	0.000	0.000	0.000	0.000	0.000	0.000	1.245	0.000	0.420	0.000	0.000	0.000	0.000	0.000	0.078	0.000	0.000	2.738	0.000	0.000	0.000	0.000
	1.106	0.000	0.000	0.693	0.000	0.000	2.061	0.000	1.385
	2.474	0.000	0.000	0.000	0.000	2.921	0.000	0.000	0.000	0.000	1.224	0.000	0.000	0.000	0.000	2.744	0.000	0.000	0.000	0.000	2.631	0.000	0.000	0.000	0.000
	2.915	0.000	0.000	0.000	0.000	0.000	1.066	0.000	0.000	0.000	0.000	0.000	0.433	0.000	0.000	0.000	0.000	0.000	2.496	0.000	0.000	0.000	0.000	0.000	2.142	0.000	0.000	0.000	0.000	0.000	1.417	0.000	0.000	0.000	0.000	0.000
	0.389	0.000	0.000	0.000	2.786	0.000	0.000	0.000	1.665	0.000	0.000	0.000	1.227	0.000	0.000	0.000
	2.945	0.000	0.000	2.100	0.000	0.000	0.996	0.000	0.000
	1.658	0.000	0.000	0.000	2.796	0.000	0.000	0.000	2.161	0.000	0.000	0.000	2.085	0.000	0.000	0.000
	0.977	0.000	0.000	1.931	0.000	0.000	2.902	0.000	0.000
	1.784	0.000	0.000	2.755	0.000	0.000	1.388	0.000	0.000
	1.935	0.000	0.000	0.000	0.000	0.000	2.639	0.000	0.000	0.000	0.000	0.000	2.154	0.000	0.000	0.000	0.000	0.000	0.388	0.000	0.000	0.000	0.000	0.000	1.278	0.000	0.000	0.000	0.000	0.000	0.417	0.000	0.000	0.000	0.000	0.000
	1.896	0.000	0.000	0.000	2.822	0.000	0.000	0.000	0.530	0.000	0.000	0.000	2.760	0.000	0.000	0.000
	1.791	0.000	0.000	0.000	0.000	2.888	0.000	0.000	0.000	0.000	2.840	0.000	0.000	0.000	0.000	1.521	0.000	0.000	0.000	0.000	2.194	0.000	0.000	0.000	0.000
	2.287	0.000	0.000	0.000	0.000	0.000	0.000	0.000	0.000	0.408	0.000	0.000	0.000	0.000	0.000	0.000	0.000	0.000	0.739	0.000	0.000	0.000	0.000	0.000	0.000	0.000	0.000	0.297	0.000	0.000	0.000	0.000	0.000	0.000	0.000	0.000	0.026	0.000	0.000	0.000	0.000	0.000	0.000	0.000	0.000	1.064	0.000	0.000	0.000	0.000	0.000	0.000	0.000	0.000	2.953	0.000	0.000	0.000	0.000	0.000	0.000	0.000	0.000	1.458	0.000	0.000	0.000	0.000	0.000	0.000	0.000	0.000	1.647	0.000	0.000	0.000	0.000	0.000	0.000	0.000	0.000
	2.543	0.000	0.000	0.000	0.000	2.107	0.000	0.000	0.000	0.121	0.000	0.000	0.000	0.000	1.407	0.000	0.000	0.000	1.635	0.000	0.000	0.000	0.000	0.474	0.000	0.000	0.000	3.062	0.000	0.000	0.000	0.000	1.106	0.000	0.000	0.000	1.803	0.000	0.000	0.000	0.000	0.437	0.000	0.000	0.000	0.817	0.000	0.000	0.000	0.000	1.865	0.000	0.000	0.000	2.413	0.000	0.000	0.000	0.000	0.707	0.000	0.000	0.000	1.887	0.000	0.000	0.000	0.000	3.023	0.000	0.000	0.000	0.491	0.000	0.000	0.000	0.000	1.384	0.000	0.000	0.000
	2.285	0.000	0.000	0.000	0.000	0.586	0.257	0.000	0.000	0.000	0.000	0.000	0.595	0.000	1.411	0.000	0.000	0.000	0.169	0.000	0.000	0.000	0.000	2.758	1.981	0.000	0.000	0.000	0.000	0.000	0.976	0.000	1.688	0.000	0.000	0.000
	2.861	0.000	0.000	0.000	0.626	0.000	0.000	0.000	0.217	0.000	0.000	0.000	1.797	0.000	0.000	0.000
	0.632	0.000	0.000	1.121	0.000	0.000	2.794	0.000	0.000
	0.032	0.000	0.000	0.000	0.000	1.213	0.000	0.000	0.000	0.000	1.405	0.000	0.000	0.000	0.000	1.158	0.000	0.000	0.000	0.000	2.325	0.000	0.000	0.000	0.000
	2.976	0.000	0.000	0.000	0.000	0.000	3.035	0.000	0.000	0.000	0.000	0.000	1.160	0.000	0.000	0.000	0.000	0.000	0.987	0.000	0.000	0.000	0.000	0.000	2.900	0.000	0.000	0.000	0.000	0.000	2.650	0.000	0.000	0.000	0.000	0.000
	3.023	0.000	0.000	0.000	2.894	0.000	0.000	0.000	0.988	0.000	0.000	0.000	1.899	0.000	0.000	0.000
	2.874	0.000	0.000	0.000	0.000	0.000	0.000	1.957	0.000	0.000	0.000	0.000	0.000	0.000	2.462	0.000	0.000	0.000	0.000	0.000	0.000	2.180	0.000	0.000	0.000	0.000	0.000	0.000	2.003	0.000	0.000	0.000	0.000	0.000	0.000	1.628	0.000	0.000	0.000	0.000	0.000	0.000	2.315	0.000	0.000	0.000	0.000	0.000	0.000
	0.682	0.000	0.000	0.000	0.000	2.405	0.000	0.000	0.000	0.000	1.028	0.000	0.000	0.000	0.000	2.764	0.000	0.000	0.000	0.000	0.301	0.000	0.000	0.000	0.000
	2.770	0.000	0.000	0.000	0.000	0.000	0.000	0.000	0.460	0.000	0.000	0.000	0.000	0.000	0.000	0.000	2.099	0.000	0.000	0.000	0.000	0.000	0.000	0.000	2.758	0.000	0.000	0.000	0.000	0.000	0.000	0.000	1.295	0.000	0.000	0.000	0.000	0.000	0.000	0.000	2.016	0.000	0.000	0.000	0.000	0.000	0.000	0.000	1.454	0.000	0.000	0.000	0.000	0.000	0.000	0.000	2.413	0.000	0.000	0.000	0.000	0.000	0.000	0.000
	3.063	0.000	0.000	1.073	0.000	0.000	0.982	0.000	0.871
	2.200	0.000	0.000	0.608	0.000	0.000	0.571	0.000	0.000
	1.564	0.000	0.000	0.000	0.000	0.000	2.181	0.000	0.000	0.000	0.000	0.000	0.895	0.000	0.000	0.000	0.000	0.000	2.810	0.000	0.000	0.000	0.000	0.000	1.010	0.000	0.000	0.000	0.000	0.000	2.888	0.000	0.000	0.000	0.000	0.000
