Nodes: 30
Max Connections: 20

beami
	6	11	13	14	17	18	19	22	23	24	26	27
	6	8	12	14	15	16	18	19	20	21	22	23	25	26	27	28
	6	7	8	10	11	12	14	15	17	21	23	25
	7	8	9	10	11	14	15	16	21	22	23	24	27	29
	6	9	10	11	13	14	16	17	18	19	20	22	23	24	25	26	28	29
	6	7	8	10	11	12	17	20	21	23	28	29
	0	1	2	4	5	7	8	13	15	16	19	20	22	23	27	29
	2	3	5	6	8	11	13	14	16	21	24	26	28
	1	2	3	5	6	7	12	13	15	17	18	19	21	23	24	27
	3	4	10	12	13	16	20	22	28
	2	3	4	5	9	12	14	15	16	17	18	22	25	26
	0	2	3	4	5	7	12	13	16	17	18	21	24	25	28
	1	2	5	8	9	10	11	15	17	20	24	25	29
	0	4	6	7	8	9	11	15	17	21	22	25	26	29
	0	1	2	3	4	7	10	17	19	21	23	25	27	29
	1	2	3	6	8	10	12	13	16	17	18	19	20	21	23	24	26	27
	1	3	4	6	7	9	10	11	15	17	18	20	21	23	25	27
	0	2	4	5	8	10	11	12	13	14	15	16	20	23	26	28
	0	1	4	8	10	11	15	16	19	21	22	23	25	26	29
	0	1	4	6	8	14	15	18	20	26	28
	1	4	5	6	9	12	15	16	17	19	21	25	26	27
	1	2	3	5	7	8	11	13	14	15	16	18	20	23	24	26	27
	0	1	3	4	6	9	10	13	18	25	26
	0	1	2	3	4	5	6	8	14	15	16	17	18	21	24	27
	0	3	4	7	8	11	12	15	21	23	25	29
	1	2	4	10	11	12	13	14	16	18	20	22	24	29
	0	1	4	7	10	13	15	17	18	19	20	21	22	27
	0	1	3	6	8	14	15	16	20	21	23	26	28
	1	4	5	7	9	11	17	19	27
	3	4	5	6	12	13	14	18	24	25

beamk
	4000.000	4000.000	4000.000	4000.000	4000.000	4000.000	4000.000	4000.000	4000.000	4000.000	4000.000	4000.000
	4000.000	4000.000	4000.000	4000.000	4000.000	4000.000	4000.000	4000.000	4000.000	4000.000	4000.000	4000.000	4000.000	4000.000	4000.000	4000.000
	4000.000	4000.000	4000.000	4000.000	4000.000	4000.000	4000.000	4000.000	4000.000	4000.000	4000.000	4000.000
	4000.000	4000.000	4000.000	4000.000	4000.000	4000.000	4000.000	4000.000	4000.000	4000.000	4000.000	4000.000	4000.000	4000.000
	4000.000	4000.000	4000.000	4000.000	4000.000	4000.000	4000.000	4000.000	4000.000	4000.000	4000.000	4000.000	4000.000	4000.000	4000.000	4000.000	4000.000	4000.000
	4000.000	4000.000	4000.000	4000.000	4000.000	4000.000	4000.000	4000.000	4000.000	4000.000	4000.000	4000.000
	4000.000	4000.000	4000.000	4000.000	4000.000	113.163	110.038	84.839	112.798	124.753	105.356	73.515	63.064	86.715	124.008	84.095
	4000.000	4000.000	4000.000	113.163	146.893	104.903	66.387	74.333	83.512	136.270	67.459	56.210	139.628
	4000.000	4000.000	4000.000	4000.000	110.038	146.893	146.139	83.537	52.703	86.394	52.018	65.746	105.952	144.702	116.507	140.830
	4000.000	4000.000	130.078	124.527	126.544	81.875	115.860	90.780	145.028
	4000.000	4000.000	4000.000	4000.000	130.078	106.361	107.069	145.807	140.497	80.766	66.502	87.059	71.758	120.828
	4000.000	4000.000	4000.000	4000.000	4000.000	104.903	76.877	76.072	80.002	96.504	77.869	96.464	135.738	91.601	106.161
	4000.000	4000.000	4000.000	146.139	124.527	106.361	76.877	145.676	89.015	65.659	80.344	119.393	143.482
	4000.000	4000.000	84.839	66.387	83.537	126.544	76.072	70.951	85.869	91.768	123.580	79.374	148.767	56.179
	4000.000	4000.000	4000.000	4000.000	4000.000	74.333	107.069	61.260	116.254	77.425	97.222	57.565	77.672	91.159
	4000.000	4000.000	4000.000	112.798	52.703	145.807	145.676	70.951	51.406	56.690	54.991	126.932	54.357	83.928	108.651	84.277	82.967	119.308
	4000.000	4000.000	4000.000	124.753	83.512	81.875	140.497	80.002	51.406	107.924	112.916	104.527	69.704	69.969	94.077	83.701
	4000.000	4000.000	4000.000	4000.000	86.394	80.766	96.504	89.015	85.869	61.260	56.690	107.924	101.061	105.604	52.921	67.790
	4000.000	4000.000	4000.000	52.018	66.502	77.869	54.991	112.916	131.682	73.222	59.016	114.118	89.712	133.578	73.823
	4000.000	4000.000	4000.000	105.356	65.746	116.254	126.932	131.682	132.648	109.659	52.387
	4000.000	4000.000	4000.000	73.515	115.860	65.659	54.357	104.527	101.061	132.648	95.465	110.752	95.454	119.277
	4000.000	4000.000	4000.000	4000.000	136.270	105.952	96.464	91.768	77.425	83.928	69.704	73.222	95.465	75.500	130.758	109.976	91.323
	4000.000	4000.000	4000.000	4000.000	63.064	90.780	87.059	123.580	59.016	110.011	77.721
	4000.000	4000.000	4000.000	4000.000	4000.000	4000.000	86.715	144.702	97.222	108.651	69.969	105.604	114.118	75.500	66.088	50.340
	4000.000	4000.000	4000.000	67.459	116.507	135.738	80.344	84.277	130.758	66.088	99.156	63.280
	4000.000	4000.000	4000.000	71.758	91.601	119.393	79.374	57.565	94.077	89.712	110.752	110.011	99.156	99.171
	4000.000	4000.000	4000.000	56.210	120.828	148.767	82.967	52.921	133.578	109.659	95.454	109.976	77.721	126.892
	4000.000	4000.000	4000.000	124.008	140.830	77.672	119.308	83.701	119.277	91.323	50.340	126.892	72.345
	4000.000	4000.000	4000.000	139.628	145.028	106.161	67.790	52.387	72.345
	4000.000	4000.000	4000.000	84.095	143.482	56.179	91.159	73.823	63.280	99.171

beaml
	2.000	2.000	2.000	2.000	2.000	2.000	2.000	2.000	2.000	2.000	2.000	2.000
	2.000	2.000	2.000	2.000	2.000	2.000	2.000	2.000	2.000	2.000	2.000	2.000	2.000	2.000	2.000	2.000
	2.000	2.000	2.000	2.000	2.000	2.000	2.000	2.000	2.000	2.000	2.000	2.000
	2.000	2.000	2.000	2.000	2.000	2.000	2.000	2.000	2.000	2.000	2.000	2.000	2.000	2.000
	2.000	2.000	2.000	2.000	2.000	2.000	2.000	2.000	2.000	2.000	2.000	2.000	2.000	2.000	2.000	2.000	2.000	2.000
	2.000	2.000	2.000	2.000	2.000	2.000	2.000	2.000	2.000	2.000	2.000	2.000
	2.000	2.000	2.000	2.000	2.000	0.342	0.495	0.717	0.466	0.393	0.482	0.248	0.749	0.347	0.488	0.489
	2.000	2.000	2.000	0.342	0.755	0.617	0.618	0.452	0.713	0.404	0.282	0.408	0.533
	2.000	2.000	2.000	2.000	0.495	0.755	0.267	0.468	0.501	0.210	0.467	0.327	0.436	0.514	0.329	0.777
	2.000	2.000	0.429	0.638	0.305	0.285	0.316	0.589	0.385
	2.000	2.000	2.000	2.000	0.429	0.437	0.604	0.795	0.622	0.417	0.611	0.529	0.576	0.314
	2.000	2.000	2.000	2.000	2.000	0.617	0.662	0.299	0.396	0.207	0.589	0.474	0.434	0.792	0.580
	2.000	2.000	2.000	0.267	0.638	0.437	0.662	0.755	0.691	0.391	0.715	0.278	0.490
	2.000	2.000	0.717	0.618	0.468	0.305	0.299	0.460	0.642	0.213	0.611	0.421	0.499	0.561
	2.000	2.000	2.000	2.000	2.000	0.452	0.604	0.382	0.632	0.262	0.539	0.213	0.646	0.418
	2.000	2.000	2.000	0.466	0.501	0.795	0.755	0.460	0.360	0.427	0.595	0.529	0.591	0.274	0.765	0.432	0.668	0.203
	2.000	2.000	2.000	0.393	0.713	0.285	0.622	0.396	0.360	0.403	0.798	0.219	0.400	0.260	0.350	0.715
	2.000	2.000	2.000	2.000	0.210	0.417	0.207	0.691	0.642	0.382	0.427	0.403	0.765	0.708	0.438	0.746
	2.000	2.000	2.000	0.467	0.611	0.589	0.595	0.798	0.622	0.666	0.569	0.474	0.508	0.242	0.718
	2.000	2.000	2.000	0.482	0.327	0.632	0.529	0.622	0.335	0.572	0.688
	2.000	2.000	2.000	0.248	0.316	0.391	0.591	0.219	0.765	0.335	0.467	0.606	0.506	0.424
	2.000	2.000	2.000	2.000	0.404	0.436	0.474	0.213	0.262	0.274	0.400	0.666	0.467	0.431	0.726	0.396	0.389
	2.000	2.000	2.000	2.000	0.749	0.589	0.529	0.611	0.569	0.758	0.418
	2.000	2.000	2.000	2.000	2.000	2.000	0.347	0.514	0.539	0.765	0.260	0.708	0.474	0.431	0.622	0.287
	2.000	2.000	2.000	0.282	0.329	0.434	0.715	0.432	0.726	0.622	0.343	0.442
	2.000	2.000	2.000	0.576	0.792	0.278	0.421	0.213	0.350	0.508	0.606	0.758	0.343	0.739
	2.000	2.000	2.000	0.408	0.314	0.499	0.668	0.438	0.242	0.572	0.506	0.396	0.418	0.357
	2.000	2.000	2.000	0.488	0.777	0.646	0.203	0.715	0.424	0.389	0.287	0.357	0.631
	2.000	2.000	2.000	0.533	0.385	0.580	0.746	0.688	0.631
	2.000	2.000	2.000	0.489	0.490	0.561	0.418	0.718	0.442	0.739

fail
	F	F	F	F	F	F	F	F	F	F	F	F
	F	F	F	F	F	F	F	F	F	F	F	F	F	F	F	F
	F	F	F	F	F	F	F	F	F	F	F	F
	F	F	F	F	F	F	F	F	F	F	F	F	F	F
	F	F	F	F	F	F	F	F	F	F	F	F	F	F	F	F	F	F
	F	F	F	F	F	F	F	F	F	F	F	F
	F	F	F	F	F	F	T	T	F	T	T	T	T	T	T	T
	F	F	F	F	T	T	T	T	T	T	T	F	T
	F	F	F	F	T	T	T	T	F	T	T	T	T	T	T	T
	F	F	F	T	T	T	T	T	T
	F	F	F	F	F	T	T	T	T	T	T	T	T	T
	F	F	F	F	F	T	T	T	T	T	T	T	T	T	T
	F	F	F	T	T	T	T	T	T	F	T	T	T
	F	F	T	T	T	T	T	T	T	T	T	T	F	F
	F	F	F	F	F	T	T	T	T	T	T	T	T	T
	F	F	F	F	F	T	T	T	T	F	T	F	F	T	T	T	T	T
	F	F	F	T	T	T	T	T	T	T	T	T	T	T	T	T
	F	F	F	F	T	T	T	T	T	T	F	T	T	T	T	T
	F	F	F	T	T	T	T	T	T	T	T	T	T	T	T
	F	F	F	T	T	T	F	T	T	T	T
	F	F	F	T	T	F	F	T	T	T	T	T	T	T
	F	F	F	F	T	T	T	T	T	T	T	T	T	T	T	T	T
	F	F	F	F	T	T	T	T	T	T	T
	F	F	F	F	F	F	T	T	T	T	T	T	T	T	T	T
	F	F	F	T	T	T	T	T	T	T	T	T
	F	F	F	T	T	T	T	T	T	T	T	T	T	T
	F	F	F	F	T	F	T	T	T	T	T	T	T	F
	F	F	F	T	T	T	T	T	T	T	T	F	T
	F	F	F	T	T	T	T	T	T
	F	F	F	T	T	F	T	T	T	T
