Nodes: 30
Max Connections: 20

beami
	6	11	12	17	18	19	23	25	26	27
	7	8	9	10	12	13	15	16	17	18	20	23	24	26	27	28
	6	8	10	14	16	17	18	19	22	23	28	29
	9	11	12	14	15	16	17	20	23	24	26	27	28
	6	7	8	10	14	15	16	17	19	22	23	26
	6	8	12	16	18	19	23	25	26	29
	0	2	4	5	7	8	9	11	14	15	16	17	21	23	24	25	27
	1	4	6	8	10	11	13	17	18	22	25
	1	2	4	5	6	7	10	11	12	13	15	16	17	18	21	22	27	28
	1	3	6	10	12	13	14	17	19	21	22	25
	1	2	4	7	8	9	11	12	13	14	15	16	17	18	20	21	22	24	25	26
	0	3	6	7	8	10	13	14	19	20	24	27
	0	1	3	5	8	9	10	15	18	22	24	27
	1	7	8	9	10	11	16	17	18	19	20	21	22	26
	2	3	4	6	9	10	11	16	17	18	20	22	23	24	26	27	28	29
	1	3	4	6	8	10	12	16	17	20	22	23	24	25	28	29
	1	2	3	4	5	6	8	10	13	14	15	19	20	21	23	24	26	28	29
	0	1	2	3	4	6	7	8	9	10	13	14	15	18	19	20	22	25	26	27
	0	1	2	5	7	8	10	12	13	14	17	19	21	22	25
	0	2	4	5	9	11	13	16	17	18	20	24	27	28
	1	3	10	11	13	14	15	16	17	19	21	24	27
	6	8	9	10	13	16	18	20	22	23	25	26	28	29
	2	4	7	8	9	10	12	13	14	15	17	18	21	24	25	26
	0	1	2	3	4	5	6	14	15	16	21	24	25	27	28
	1	3	6	10	11	12	14	15	16	19	20	22	23	25	27	28
	0	5	6	7	9	10	15	17	18	21	22	23	24	26	27	28	29
	0	1	3	4	5	10	13	14	16	17	21	22	25	29
	0	1	3	6	8	11	12	14	17	19	20	23	24	25	28	29
	1	2	3	8	14	15	16	19	21	23	24	25	27	29
	2	5	14	15	16	21	25	26	27	28

beamk
	4000.000	4000.000	4000.000	4000.000	4000.000	4000.000	4000.000	4000.000	4000.000	4000.000
	4000.000	4000.000	4000.000	4000.000	4000.000	4000.000	4000.000	4000.000	4000.000	4000.000	4000.000	4000.000	4000.000	4000.000	4000.000	4000.000
	4000.000	4000.000	4000.000	4000.000	4000.000	4000.000	4000.000	4000.000	4000.000	4000.000	4000.000	4000.000
	4000.000	4000.000	4000.000	4000.000	4000.000	4000.000	4000.000	4000.000	4000.000	4000.000	4000.000	4000.000	4000.000
	4000.000	4000.000	4000.000	4000.000	4000.000	4000.000	4000.000	4000.000	4000.000	4000.000	4000.000	4000.000
	4000.000	4000.000	4000.000	4000.000	4000.000	4000.000	4000.000	4000.000	4000.000	4000.000
	4000.000	4000.000	4000.000	4000.000	126.779	125.140	134.819	115.911	92.170	136.730	123.340	117.975	125.890	84.490	69.309	108.252	106.432
	4000.000	4000.000	126.779	111.268	90.133	86.737	58.871	72.002	112.464	75.267	108.884
	4000.000	4000.000	4000.000	4000.000	125.140	111.268	136.540	145.411	110.328	132.330	105.340	75.400	143.437	148.310	86.724	104.158	65.329	147.658
	4000.000	4000.000	134.819	54.641	72.370	144.781	76.076	121.131	96.587	104.550	139.400	119.195
	4000.000	4000.000	4000.000	90.133	136.540	54.641	99.983	126.059	76.922	148.646	95.233	104.500	119.753	84.308	89.952	145.154	95.137	82.325	54.641	84.304
	4000.000	4000.000	115.911	86.737	145.411	99.983	50.836	82.045	104.059	106.797	102.196	112.072
	4000.000	4000.000	4000.000	4000.000	110.328	72.370	126.059	112.488	69.813	57.087	102.806	94.856
	4000.000	58.871	132.330	144.781	76.922	50.836	143.790	52.382	105.653	125.466	118.940	126.027	141.880	56.494
	4000.000	4000.000	4000.000	92.170	76.076	148.646	82.045	139.150	141.531	97.184	109.256	50.702	74.673	67.024	77.628	52.195	64.814	77.461
	4000.000	4000.000	4000.000	136.730	105.340	95.233	112.488	98.608	52.976	145.299	141.217	58.240	88.192	116.376	85.625	139.031
	4000.000	4000.000	4000.000	4000.000	4000.000	123.340	75.400	104.500	143.790	139.150	98.608	136.758	102.600	69.144	102.082	65.159	84.711	142.239	126.443
	4000.000	4000.000	4000.000	4000.000	4000.000	117.975	72.002	143.437	121.131	119.753	52.382	141.531	52.976	138.640	86.641	129.700	133.938	143.867	77.552	112.263
	4000.000	4000.000	4000.000	4000.000	112.464	148.310	84.308	69.813	105.653	97.184	138.640	120.725	111.544	100.185	56.267
	4000.000	4000.000	4000.000	4000.000	96.587	104.059	125.466	136.758	86.641	120.725	118.427	139.846	51.011	102.790
	4000.000	4000.000	89.952	106.797	118.940	109.256	145.299	102.600	129.700	118.427	135.575	146.149	134.315
	125.890	86.724	104.550	145.154	126.027	69.144	111.544	135.575	93.560	102.733	106.990	129.825	119.959	66.339
	4000.000	4000.000	75.267	104.158	139.400	95.137	57.087	141.880	50.702	141.217	133.938	100.185	93.560	119.705	111.708	83.504
	4000.000	4000.000	4000.000	4000.000	4000.000	4000.000	84.490	74.673	58.240	102.082	102.733	62.269	51.834	93.113	55.359
	4000.000	4000.000	69.309	82.325	102.196	102.806	67.024	88.192	65.159	139.846	146.149	119.705	62.269	113.576	100.555	149.829
	4000.000	4000.000	108.252	108.884	119.195	54.641	116.376	143.867	56.267	106.990	111.708	51.834	113.576	102.298	81.689	93.958	95.792
	4000.000	4000.000	4000.000	4000.000	4000.000	84.304	56.494	77.628	84.711	77.552	129.825	83.504	102.298	83.655
	4000.000	4000.000	4000.000	106.432	65.329	112.072	94.856	52.195	112.263	51.011	134.315	93.113	100.555	81.689	144.186	107.763
	4000.000	4000.000	4000.000	147.658	64.814	85.625	142.239	102.790	119.959	55.359	149.829	93.958	144.186	130.626
	4000.000	4000.000	77.461	139.031	126.443	66.339	95.792	83.655	107.763	130.626

beaml
	2.000	2.000	2.000	2.000	2.000	2.000	2.000	2.000	2.000	2.000
	2.000	2.000	2.000	2.000	2.000	2.000	2.000	2.000	2.000	2.000	2.000	2.000	2.000	2.000	2.000	2.000
	2.000	2.000	2.000	2.000	2.000	2.000	2.000	2.000	2.000	2.000	2.000	2.000
	2.000	2.000	2.000	2.000	2.000	2.000	2.000	2.000	2.000	2.000	2.000	2.000	2.000
	2.000	2.000	2.000	2.000	2.000	2.000	2.000	2.000	2.000	2.000	2.000	2.000
	2.000	2.000	2.000	2.000	2.000	2.000	2.000	2.000	2.000	2.000
	2.000	2.000	2.000	2.000	0.422	0.206	0.700	0.476	0.769	0.276	0.657	0.780	0.556	0.543	0.443	0.238	0.788
	2.000	2.000	0.422	0.584	0.313	0.739	0.403	0.200	0.272	0.608	0.443
	2.000	2.000	2.000	2.000	0.206	0.584	0.524	0.727	0.460	0.460	0.510	0.649	0.634	0.388	0.638	0.558	0.236	0.496
	2.000	2.000	0.700	0.485	0.770	0.263	0.599	0.630	0.489	0.206	0.792	0.397
	2.000	2.000	2.000	0.313	0.524	0.485	0.216	0.615	0.634	0.378	0.667	0.395	0.331	0.243	0.610	0.563	0.579	0.275	0.357	0.624
	2.000	2.000	0.476	0.739	0.727	0.216	0.479	0.297	0.282	0.253	0.651	0.746
	2.000	2.000	2.000	2.000	0.460	0.770	0.615	0.251	0.539	0.745	0.610	0.412
	2.000	0.403	0.460	0.263	0.634	0.479	0.428	0.203	0.770	0.509	0.446	0.391	0.708	0.788
	2.000	2.000	2.000	0.769	0.599	0.378	0.297	0.275	0.277	0.247	0.577	0.606	0.557	0.327	0.664	0.636	0.571	0.520
	2.000	2.000	2.000	0.276	0.510	0.667	0.251	0.204	0.339	0.599	0.452	0.578	0.744	0.757	0.705	0.273
	2.000	2.000	2.000	2.000	2.000	0.657	0.649	0.395	0.428	0.275	0.204	0.277	0.366	0.261	0.260	0.402	0.339	0.239	0.450
	2.000	2.000	2.000	2.000	2.000	0.780	0.200	0.634	0.630	0.331	0.203	0.277	0.339	0.353	0.273	0.589	0.641	0.277	0.618	0.757
	2.000	2.000	2.000	2.000	0.272	0.388	0.243	0.539	0.770	0.247	0.353	0.711	0.761	0.313	0.599
	2.000	2.000	2.000	2.000	0.489	0.282	0.509	0.277	0.273	0.711	0.645	0.540	0.337	0.426
	2.000	2.000	0.610	0.253	0.446	0.577	0.599	0.366	0.589	0.645	0.478	0.575	0.631
	0.556	0.638	0.206	0.563	0.391	0.261	0.761	0.478	0.290	0.229	0.435	0.643	0.251	0.641
	2.000	2.000	0.608	0.558	0.792	0.579	0.745	0.708	0.606	0.452	0.641	0.313	0.290	0.331	0.523	0.374
	2.000	2.000	2.000	2.000	2.000	2.000	0.543	0.557	0.578	0.260	0.229	0.351	0.402	0.458	0.563
	2.000	2.000	0.443	0.275	0.651	0.610	0.327	0.744	0.402	0.540	0.575	0.331	0.351	0.206	0.543	0.313
	2.000	2.000	0.238	0.443	0.397	0.357	0.757	0.277	0.599	0.435	0.523	0.402	0.206	0.365	0.800	0.351	0.553
	2.000	2.000	2.000	2.000	2.000	0.624	0.788	0.664	0.339	0.618	0.643	0.374	0.365	0.209
	2.000	2.000	2.000	0.788	0.236	0.746	0.412	0.636	0.757	0.337	0.631	0.458	0.543	0.800	0.717	0.723
	2.000	2.000	2.000	0.496	0.571	0.705	0.239	0.426	0.251	0.563	0.313	0.351	0.717	0.426
	2.000	2.000	0.520	0.273	0.450	0.641	0.553	0.209	0.723	0.426

fail
	F	F	F	F	F	F	F	F	F	F
	F	F	F	F	F	F	F	F	F	F	F	F	F	F	F	F
	F	F	F	F	F	F	F	F	F	F	F	F
	F	F	F	F	F	F	F	F	F	F	F	F	F
	F	F	F	F	F	F	F	F	F	F	F	F
	F	F	F	F	F	F	F	F	F	F
	F	F	F	F	T	T	T	T	T	F	T	T	T	T	T	F	T
	F	F	T	T	T	T	T	F	T	T	T
	F	F	F	F	T	T	T	T	T	T	T	T	T	T	T	T	T	T
	F	F	T	T	T	T	T	T	F	T	F	T
	F	F	F	T	T	T	T	T	F	T	T	T	T	F	F	F	T	T	T	T
	F	F	T	T	T	T	T	T	T	F	F	F
	F	F	F	F	T	T	T	T	T	T	T	F
	F	T	T	T	F	T	T	T	T	F	T	T	F	T
	F	F	F	T	T	T	T	T	F	F	T	T	T	T	T	T	T	T
	F	F	F	F	T	T	T	T	T	T	T	T	T	T	T	T
	F	F	F	F	F	T	T	T	T	T	T	T	T	T	T	F	T	F	T
	F	F	F	F	F	T	F	T	T	T	T	F	T	T	T	T	T	T	T	T
	F	F	F	F	T	T	F	T	T	F	T	T	T	T	T
	F	F	F	F	F	T	F	T	T	T	T	T	F	T
	F	F	F	F	T	T	T	T	T	T	T	T	T
	T	T	T	F	T	T	T	T	T	T	T	T	T	T
	F	F	T	T	F	T	T	F	T	T	T	T	T	F	T	T
	F	F	F	F	F	F	T	T	T	T	T	F	T	T	T
	F	F	T	T	F	T	T	T	F	T	T	F	F	T	T	T
	F	F	F	T	T	T	T	T	T	T	T	T	T	T	T	T	T
	F	F	F	F	F	T	T	T	T	T	T	T	T	T
	F	F	F	T	T	F	F	T	T	F	T	T	T	T	T	T
	F	F	F	T	T	T	F	T	T	T	T	T	T	F
	F	F	T	T	T	T	T	T	T	F
