Nodes: 30
Max Connections: 20

beami
	6	7	12	14	28
	12	14	17	18	25	28
	13	16	17	26
	6	11	13	18	24	27
	6	10	11	12	14	22	25
	15	22
	0	3	4	18	22
	0	8	10	14	15	18	22
	7	13	18	23	28
	13
	4	7	14	25	29
	3	4	14	15	22
	0	1	4	13	19	21	23
	2	3	8	9	12	16	24
	0	1	4	7	10	11	17	18	24
	5	7	11	17	21
	2	13	19	25
	1	2	14	15
	1	3	6	7	8	14	21	28
	12	16	21	22	26
	29
	12	15	18	19	25
	4	5	6	7	11	19	25
	8	12	24	25	29
	3	13	14	23	25	28
	1	4	10	16	21	22	23	24
	2	19	29
	3
	0	1	8	18	24
	10	20	23	26

beamk
	4000.000	4000.000	4000.000	4435.174	4000.000
	3938.604	3905.776	4000.000	4419.635	3463.149	4000.000
	4000.000	4000.000	4075.023	4240.876
	3391.575	4658.580	4000.000	4000.000	4592.545	4000.000
	4000.000	4000.000	4879.934	4000.000	4000.000	4000.000	4159.894
	5527.769	4000.000
	4000.000	4000.000	4000.000	66.444	59.434
	4000.000	77.589	63.809	131.355	102.299	119.557	74.618
	79.355	141.187	78.229	57.266	59.339
	152.371
	4000.000	63.809	107.097	116.204	66.374
	3688.859	4000.000	100.984	125.294	120.619
	3404.625	4000.000	4000.000	93.207	115.535	55.626	57.092
	4000.000	4000.000	186.037	137.437	123.378	53.840	146.120
	4000.000	4000.000	4664.169	110.462	120.465	100.984	57.355	128.922	114.789
	4129.920	102.299	125.294	146.680	70.150
	4000.000	54.491	93.121	124.780
	4000.000	4000.000	57.355	173.492
	4000.000	3751.556	72.346	166.388	78.229	103.022	56.853	120.169
	105.315	96.867	56.662	68.041	117.309
	89.756
	52.690	79.000	64.135	48.229	118.631
	4000.000	4000.000	49.965	69.306	138.660	68.041	94.241
	67.283	67.641	101.245	137.145	158.832
	4000.000	146.120	145.568	85.098	144.694	167.780
	4000.000	4000.000	143.383	137.622	113.260	92.963	140.560	124.453
	4000.000	90.604	124.499
	4000.000
	4000.000	4000.000	61.932	128.087	137.673
	58.708	92.198	123.173	106.439

beaml
	2.000	2.000	2.000	1.486	2.000
	2.178	1.624	2.000	1.692	2.295	2.000
	2.000	2.000	1.845	2.203
	2.172	2.215	2.000	2.000	1.936	2.000
	2.000	2.000	2.159	2.000	2.000	2.000	2.440
	1.727	2.000
	2.000	2.000	2.000	0.264	0.323
	2.000	0.463	0.780	0.779	0.290	0.372	0.273
	0.482	0.354	0.230	0.423	0.246
	0.407
	2.000	0.780	0.627	0.398	0.411
	1.746	2.000	0.334	0.425	0.579
	2.018	2.000	2.000	0.510	0.344	0.308	0.762
	2.000	2.000	0.319	0.424	0.530	0.648	0.553
	2.000	2.000	2.136	0.770	0.757	0.334	0.351	0.329	0.215
	1.721	0.290	0.425	0.526	0.505
	2.000	0.671	0.537	0.664
	2.000	2.000	0.351	0.513
	2.000	2.297	0.310	0.358	0.230	0.378	0.588	0.373
	0.370	0.588	0.471	0.688	0.581
	0.660
	0.298	0.511	0.490	0.504	0.740
	2.000	2.000	0.387	0.297	0.538	0.688	0.391
	0.433	0.871	0.567	0.896	0.645
	2.000	0.553	0.294	0.597	0.664	0.367
	2.000	2.000	0.441	0.737	0.655	0.361	0.555	0.722
	2.000	0.543	0.253
	2.000
	2.000	2.000	0.309	0.353	0.345
	0.487	0.641	0.536	0.291

fail
	F	F	F	T	F
	F	T	F	T	T	F
	F	F	F	F
	F	T	F	T	F	F
	F	F	F	F	F	F	T
	F	F
	F	F	F	T	T
	F	F	T	T	T	T	T
	F	T	T	T	T
	F
	F	T	T	T	T
	F	F	T	T	T
	F	F	F	T	T	T	F
	F	F	T	F	T	F	T
	F	F	F	T	T	T	T	F	T
	F	T	T	F	T
	F	F	F	F
	F	F	T	F
	F	F	T	T	T	F	F	F
	T	F	T	T	F
	F
	T	T	T	F	T
	F	F	T	T	T	T	F
	T	F	F	F	F
	F	T	T	F	T	F
	F	F	T	T	F	F	T	T
	F	F	T
	F
	F	F	T	F	F
	T	F	T	T
