Nodes: 30
Max Connections: 20

beami
	6	7	8	12	18	19	22	24	25	27	28	29
	6	8	9	11	13	15	17	18	19	23	24	25	27	28
	7	8	12	14	15	17	20	21	22	23	24	25	26	27	29
	7	8	9	10	11	12	13	14	15	19	21	22	24	25	28
	9	10	11	12	16	19	20	21	22	23	24	25	26	28
	9	13	15	22	24	25	28	29
	0	1	13	15	16	18	19	21	22	26	27	28	29
	0	2	3	8	10	13	14	15	16	17	18	20	22	23	27	29
	0	1	2	3	7	10	11	12	13	14	22	28
	1	3	4	5	10	12	13	14	15	19	21	25	28	29
	3	4	7	8	9	11	12	13	15	16	18	19	20	21	22	26	29
	1	3	4	8	10	13	14	15	16	17	19	20	23	24	25	26	27
	0	2	3	4	8	9	10	13	15	16	17	18	21	22	25	26	27	29
	1	3	5	6	7	8	9	10	11	12	16	17	20	23	25	28
	2	3	7	8	9	11	19	21	25	26	28	29
	1	2	3	5	6	7	9	10	11	12	16	18	20	22	23	25	27	29
	4	6	7	10	11	12	13	15	25	26	27	28
	1	2	7	11	12	13	18	19	21	22	23	25	28
	0	1	6	7	10	12	15	17	20	24	25	26	27
	0	1	3	4	6	9	10	11	14	17	20	21	25	27	28
	2	4	7	10	11	13	15	18	19	21	26	29
	2	3	4	6	9	10	12	14	17	19	20	22	23	25	26	27	29
	0	2	3	4	5	6	7	8	10	12	15	17	21	23	24	27	28	29
	1	2	4	7	11	13	15	17	21	22	24	25
	0	1	2	3	4	5	11	18	22	23	27	28	29
	0	1	2	3	4	5	9	11	12	13	14	15	16	17	18	19	21	23	26	27
	2	4	6	10	11	12	14	16	18	20	21	25	27	29
	0	1	2	6	7	11	12	15	16	18	19	21	22	24	25	26	28	29
	0	1	3	4	5	6	8	9	13	14	16	17	19	22	24	27
	0	2	5	6	7	9	10	12	14	15	20	21	22	24	26	27

beamk
	4000.000	4000.000	4000.000	4000.000	4000.000	4000.000	4000.000	4000.000	4000.000	4000.000	4000.000	4000.000
	4000.000	4000.000	4000.000	4000.000	4000.000	4000.000	4000.000	4000.000	4000.000	4000.000	4000.000	4000.000	4000.000	4000.000
	4000.000	4000.000	4000.000	4000.000	4000.000	4000.000	4000.000	4000.000	4000.000	4000.000	4000.000	4000.000	4000.000	4000.000	4000.000
	4000.000	4000.000	4000.000	4000.000	4000.000	4000.000	4000.000	4000.000	4000.000	4000.000	4000.000	4000.000	4000.000	4000.000	4000.000
	4000.000	4000.000	4000.000	4000.000	4000.000	4000.000	4000.000	4000.000	4000.000	4000.000	4000.000	4000.000	4000.000	4000.000
	4000.000	4000.000	4000.000	4000.000	4000.000	4000.000	4000.000	4000.000
	4000.000	4000.000	82.486	85.055	133.170	72.339	123.310	85.280	137.738	81.473	113.900	105.209	86.480
	4000.000	4000.000	4000.000	134.901	113.289	71.439	106.157	79.702	112.017	140.877	145.302	69.466	96.595	59.884	110.576	145.387
	4000.000	4000.000	4000.000	4000.000	134.901	111.472	102.349	97.651	132.432	89.864	139.539	59.811
	4000.000	4000.000	4000.000	4000.000	122.570	134.667	102.477	74.655	58.440	123.921	83.145	87.491	54.973	57.625
	4000.000	4000.000	113.289	111.472	122.570	100.142	105.010	82.438	52.354	85.568	113.335	50.826	124.638	83.118	94.074	73.736	58.919
	4000.000	4000.000	4000.000	102.349	100.142	140.091	67.622	107.336	131.802	61.241	142.508	122.193	102.383	111.303	144.671	76.421	90.293
	4000.000	4000.000	4000.000	4000.000	97.651	134.667	105.010	149.221	112.338	126.831	132.075	63.171	109.004	101.717	147.330	108.756	109.537	98.924
	4000.000	4000.000	4000.000	82.486	71.439	132.432	102.477	82.438	140.091	149.221	130.781	143.952	90.738	63.955	134.226	79.579
	4000.000	4000.000	106.157	89.864	74.655	67.622	136.630	74.891	70.595	102.574	110.234	80.276
	4000.000	4000.000	4000.000	4000.000	85.055	79.702	58.440	52.354	107.336	112.338	109.854	134.634	73.097	67.297	146.456	106.598	121.570	139.683
	4000.000	133.170	112.017	85.568	131.802	126.831	130.781	109.854	63.625	55.380	98.910	120.515
	4000.000	4000.000	140.877	61.241	132.075	143.952	85.469	57.039	149.149	140.878	99.509	96.309	66.075
	4000.000	4000.000	72.339	145.302	113.335	63.171	134.634	85.469	80.892	140.663	139.103	133.599	84.005
	4000.000	4000.000	4000.000	4000.000	123.310	123.921	50.826	142.508	136.630	57.039	57.653	120.455	134.671	54.279	68.323
	4000.000	4000.000	69.466	124.638	122.193	90.738	73.097	80.892	57.653	138.960	63.867	106.131
	4000.000	4000.000	4000.000	85.280	83.145	83.118	109.004	74.891	149.149	120.455	138.960	71.468	142.592	86.098	95.292	95.149	91.802
	4000.000	4000.000	4000.000	4000.000	4000.000	137.738	96.595	139.539	94.074	101.717	67.297	140.878	71.468	55.763	69.631	77.555	99.023	91.615
	4000.000	4000.000	4000.000	59.884	102.383	63.955	146.456	99.509	142.592	55.763	95.962	104.587
	4000.000	4000.000	4000.000	4000.000	4000.000	4000.000	111.303	140.663	69.631	95.962	133.585	144.880	97.248
	4000.000	4000.000	4000.000	4000.000	4000.000	4000.000	87.491	144.671	147.330	134.226	70.595	106.598	63.625	96.309	139.103	134.671	86.098	104.587	98.340	118.611
	4000.000	4000.000	81.473	73.736	76.421	108.756	102.574	55.380	133.599	63.867	95.292	98.340	144.591	96.201
	4000.000	4000.000	4000.000	113.900	110.576	90.293	109.537	121.570	98.910	84.005	54.279	95.149	77.555	133.585	118.611	144.591	50.788	132.323
	4000.000	4000.000	4000.000	4000.000	4000.000	105.209	59.811	54.973	79.579	110.234	120.515	66.075	68.323	99.023	144.880	50.788
	4000.000	4000.000	4000.000	86.480	145.387	57.625	58.919	98.924	80.276	139.683	106.131	91.802	91.615	97.248	96.201	132.323

beaml
	2.000	2.000	2.000	2.000	2.000	2.000	2.000	2.000	2.000	2.000	2.000	2.000
	2.000	2.000	2.000	2.000	2.000	2.000	2.000	2.000	2.000	2.000	2.000	2.000	2.000	2.000
	2.000	2.000	2.000	2.000	2.000	2.000	2.000	2.000	2.000	2.000	2.000	2.000	2.000	2.000	2.000
	2.000	2.000	2.000	2.000	2.000	2.000	2.000	2.000	2.000	2.000	2.000	2.000	2.000	2.000	2.000
	2.000	2.000	2.000	2.000	2.000	2.000	2.000	2.000	2.000	2.000	2.000	2.000	2.000	2.000
	2.000	2.000	2.000	2.000	2.000	2.000	2.000	2.000
	2.000	2.000	0.653	0.688	0.491	0.459	0.767	0.623	0.316	0.649	0.244	0.500	0.583
	2.000	2.000	2.000	0.320	0.726	0.758	0.684	0.394	0.583	0.367	0.698	0.359	0.335	0.261	0.584	0.797
	2.000	2.000	2.000	2.000	0.320	0.425	0.592	0.490	0.607	0.633	0.310	0.321
	2.000	2.000	2.000	2.000	0.418	0.758	0.361	0.242	0.784	0.641	0.644	0.351	0.551	0.266
	2.000	2.000	0.726	0.425	0.418	0.414	0.464	0.371	0.582	0.781	0.693	0.244	0.309	0.333	0.518	0.355	0.527
	2.000	2.000	2.000	0.592	0.414	0.659	0.439	0.444	0.292	0.491	0.287	0.231	0.489	0.216	0.756	0.262	0.606
	2.000	2.000	2.000	2.000	0.490	0.758	0.464	0.205	0.254	0.467	0.334	0.648	0.723	0.743	0.378	0.675	0.439	0.228
	2.000	2.000	2.000	0.653	0.758	0.607	0.361	0.371	0.659	0.205	0.294	0.742	0.449	0.527	0.701	0.220
	2.000	2.000	0.684	0.633	0.242	0.439	0.386	0.511	0.410	0.494	0.594	0.374
	2.000	2.000	2.000	2.000	0.688	0.394	0.784	0.582	0.444	0.254	0.394	0.419	0.754	0.461	0.330	0.741	0.728	0.776
	2.000	0.491	0.583	0.781	0.292	0.467	0.294	0.394	0.309	0.520	0.692	0.472
	2.000	2.000	0.367	0.491	0.334	0.742	0.329	0.257	0.767	0.502	0.306	0.237	0.235
	2.000	2.000	0.459	0.698	0.693	0.648	0.419	0.329	0.461	0.716	0.381	0.444	0.499
	2.000	2.000	2.000	2.000	0.767	0.641	0.244	0.287	0.386	0.257	0.788	0.592	0.271	0.255	0.799
	2.000	2.000	0.359	0.309	0.231	0.449	0.754	0.461	0.788	0.339	0.446	0.228
	2.000	2.000	2.000	0.623	0.644	0.333	0.723	0.511	0.767	0.592	0.339	0.588	0.709	0.311	0.353	0.311	0.400
	2.000	2.000	2.000	2.000	2.000	0.316	0.335	0.310	0.518	0.743	0.461	0.502	0.588	0.268	0.514	0.683	0.471	0.380
	2.000	2.000	2.000	0.261	0.489	0.527	0.330	0.306	0.709	0.268	0.597	0.269
	2.000	2.000	2.000	2.000	2.000	2.000	0.216	0.716	0.514	0.597	0.784	0.264	0.692
	2.000	2.000	2.000	2.000	2.000	2.000	0.351	0.756	0.378	0.701	0.410	0.741	0.309	0.237	0.381	0.271	0.311	0.269	0.258	0.552
	2.000	2.000	0.649	0.355	0.262	0.675	0.494	0.520	0.444	0.446	0.353	0.258	0.201	0.464
	2.000	2.000	2.000	0.244	0.584	0.606	0.439	0.728	0.692	0.499	0.255	0.311	0.683	0.784	0.552	0.201	0.533	0.273
	2.000	2.000	2.000	2.000	2.000	0.500	0.321	0.551	0.220	0.594	0.472	0.235	0.799	0.471	0.264	0.533
	2.000	2.000	2.000	0.583	0.797	0.266	0.527	0.228	0.374	0.776	0.228	0.400	0.380	0.692	0.464	0.273

fail
	F	F	F	F	F	F	F	F	F	F	F	F
	F	F	F	F	F	F	F	F	F	F	F	F	F	F
	F	F	F	F	F	F	F	F	F	F	F	F	F	F	F
	F	F	F	F	F	F	F	F	F	F	F	F	F	F	F
	F	F	F	F	F	F	F	F	F	F	F	F	F	F
	F	F	F	F	F	F	F	F
	F	F	T	F	T	T	T	F	T	T	F	T	T
	F	F	F	T	T	T	T	T	F	T	F	T	T	T	T	T
	F	F	F	F	T	T	T	T	T	T	T	T
	F	F	F	F	T	T	T	T	T	T	T	T	T	F
	F	F	T	T	T	T	T	F	F	T	T	T	T	T	T	F	T
	F	F	F	T	T	T	T	T	T	T	T	T	T	T	T	T	T
	F	F	F	F	T	T	T	F	T	T	F	T	T	T	T	T	F	T
	F	F	F	T	T	T	T	F	T	F	T	T	T	T	T	T
	F	F	T	T	T	T	T	T	F	T	T	T
	F	F	F	F	F	T	T	F	T	T	T	T	T	T	T	T	T	T
	F	T	F	T	T	T	T	T	T	F	T	T
	F	F	T	T	F	T	T	T	F	T	T	T	T
	F	F	T	F	T	T	T	T	T	T	T	T	T
	F	F	F	F	T	T	T	T	T	T	T	F	T	T	T
	F	F	T	T	T	T	T	T	T	T	T	T
	F	F	F	F	T	T	T	T	F	F	T	T	F	T	T	T	F
	F	F	F	F	F	T	T	T	T	T	T	T	T	T	T	T	T	T
	F	F	F	T	T	T	T	T	F	T	T	T
	F	F	F	F	F	F	T	T	T	T	T	T	T
	F	F	F	F	F	F	T	T	T	T	F	T	T	T	T	T	T	T	T	T
	F	F	T	F	T	T	T	F	T	T	T	T	T	T
	F	F	F	F	T	T	F	T	T	T	T	T	T	T	T	T	T	T
	F	F	F	F	F	T	T	T	T	T	T	T	T	T	T	T
	F	F	F	T	T	F	T	T	T	T	T	F	T	T	T	T
