Nodes: 30
Max Connections: 20

beami
	21	24	9	20	13	22
	26	7	10	29	22	20
	19	20	12	26	11	24	15
	10	15	16	23	24	25	26	21	13	27	19
	25	24	26	29	17	12	9	8	19	7	21	10
	18	29	12	6	19
	7	13	18	20	25	16	1	10	3	13	23	7
	1	6	16	9	24	20	6	22	16	12	11
	13	23	26	18	28	21	16	22	6	20	27	0
	0	15	24	12	22	29	15	27	2	16	20	12	29	15	22	29
	1	13	18	23	29	3	24	27	28	29	27	19	13	26	18	18	21
	21	26	4	23	18
	9	18	20	22	2	23	18	22	26	14	24	28	4	9	5	23	19
	8	10	6	18	3	22	18	11	28	9
	15	6	4	13	12	3	15	19
	3	9	16	14	22	27	5	6	9	27	29	16	14
	3	7	15	24	27	19	7	15	24	24	7
	20	24	24	10	25	14	15	6	22	27	29
	5	6	12	25	27	28	10	13	27	6	0	25	4	13	17	28	10
	2	7	4	9	0	3	5
	2	6	17	25	0	12	26	26	11	15	17	6	6	1	12
	0	11	27	23	19	17	3	12	18	11
	9	12	15	26	29	11	18	19	9	3	12	9
	3	8	10	12	27	7	10	29	27	19	11	20	0	8
	0	4	9	16	3	10	17	7	15	16	17	10	27	8	22
	3	6	18	20	26	4	18	0	24	8	1	18	6	20	14
	3	4	11	20	22	1	2	8	25	25	27	22	7	29
	10	18	15	21	23	28	18	4	20	28	14	16	22	6	23	3	9
	10	27	18	10	25	23	19	14	2	16	1	10	27	7
	1	5	9	10	26	15	0

beamk
	4000.000	4000.000	4000.000	4000.000	4000.000	4000.000
	4000.000	4000.000	4000.000	4000.000	4000.000	4000.000
	4000.000	4000.000	4000.000	4000.000	4000.000	4000.000	4000.000
	4000.000	4000.000	4000.000	4000.000	4000.000	4000.000	4000.000	4000.000	4000.000	4000.000	4000.000
	4000.000	4000.000	4000.000	4000.000	4000.000	4000.000	4000.000	4000.000	4000.000	4000.000	4000.000	4000.000
	4000.000	4000.000	4000.000	4000.000	4000.000
	9.188	4.480	10.093	5.831	119.466	149.945	4000.000	2.131	4000.000	4.480	2.744	50.067
	4000.000	50.067	106.003	10.492	4.071	111.772	50.067	86.569	106.003	4.510	1.561
	10.170	9.058	59.510	9.065	5.111	8.002	6.339	8.151	2.258	6.867	10.117	4000.000
	4000.000	6.103	6.169	142.106	69.572	51.922	6.103	137.904	4000.000	8.272	10.155	142.106	10.393	101.737	1.303	51.922
	4000.000	3.698	3.643	8.978	3.306	4000.000	92.167	109.266	110.638	3.306	7.204	8.558	52.893	2.721	3.643	97.249	10.681
	2.223	1.768	4000.000	9.016	6.956
	2.583	6.758	9.639	2.325	4000.000	136.186	6.758	90.998	5.308	10.852	1.268	140.482	4000.000	142.106	4000.000	1.996	7.981
	10.170	3.698	95.518	56.911	4000.000	8.067	2.812	64.340	4.683	2.611
	74.312	133.549	4000.000	7.938	10.852	4000.000	74.312	118.706
	4000.000	6.103	2.518	74.312	50.918	56.497	4000.000	4.422	101.737	56.497	103.437	2.518	74.312
	4000.000	106.003	87.361	80.420	8.711	59.700	106.003	2.518	80.420	8.234	10.031
	55.909	74.160	74.160	7.801	1.490	3.804	119.513	2.976	65.182	9.358	8.950
	4000.000	10.093	6.758	8.406	1.986	8.439	97.249	56.911	56.131	61.717	4000.000	8.406	4000.000	56.911	7.327	8.439	97.249
	4000.000	4.548	4000.000	141.185	4000.000	4000.000	4000.000
	4000.000	5.831	10.192	3.043	4000.000	109.769	140.961	140.961	9.383	4.337	10.192	5.831	132.540	4000.000	9.639
	4000.000	95.188	63.912	80.359	9.286	8.690	4000.000	4.430	145.090	95.188
	1.303	90.998	50.918	129.144	3.216	137.856	114.545	9.921	69.572	4000.000	2.325	1.303
	4000.000	9.058	8.978	1.996	1.703	107.327	92.668	8.705	1.703	109.074	9.016	106.607	4000.000	145.101
	4000.000	4000.000	6.169	8.234	4000.000	92.167	74.160	4.071	8.874	80.420	5.537	92.167	3.857	4.290	1.906
	4000.000	8.486	8.406	3.043	8.777	4000.000	8.406	4000.000	10.002	8.545	4000.000	51.836	8.486	138.337	52.105
	4000.000	4000.000	1.768	2.971	3.545	4000.000	4000.000	59.510	134.546	8.777	6.814	129.144	10.039	94.733
	7.204	1.986	56.497	63.912	105.534	93.414	56.131	4000.000	1.257	93.414	9.922	8.711	9.175	8.154	1.703	4000.000	137.904
	1.550	5.838	71.312	1.550	3.329	5.074	1.036	3.605	4000.000	1.133	4000.000	110.638	93.414	1.769
	4000.000	4000.000	10.393	3.306	94.733	103.437	4000.000

beaml
	2.000	2.000	2.000	2.000	2.000	2.000
	2.000	2.000	2.000	2.000	2.000	2.000
	2.000	2.000	2.000	2.000	2.000	2.000	2.000
	2.000	2.000	2.000	2.000	2.000	2.000	2.000	2.000	2.000	2.000	2.000
	2.000	2.000	2.000	2.000	2.000	2.000	2.000	2.000	2.000	2.000	2.000	2.000
	2.000	2.000	2.000	2.000	2.000
	0.262	0.242	0.278	0.264	0.369	0.233	2.000	0.254	2.000	0.242	0.299	0.304
	2.000	0.304	0.664	0.216	0.271	0.295	0.304	0.374	0.664	0.258	0.209
	0.290	0.288	0.393	0.282	0.203	0.200	0.256	0.231	0.218	0.298	0.291	2.000
	2.000	0.266	0.230	0.296	0.679	0.280	0.266	0.259	2.000	0.299	0.212	0.296	0.280	0.274	0.249	0.280
	2.000	0.245	0.200	0.244	0.287	2.000	0.686	0.240	0.252	0.287	0.275	0.267	0.254	0.214	0.200	0.396	0.243
	0.263	0.297	2.000	0.213	0.204
	0.211	0.221	0.264	0.254	2.000	0.736	0.221	0.507	0.226	0.252	0.248	0.277	2.000	0.296	2.000	0.225	0.284
	0.290	0.245	0.380	0.562	2.000	0.202	0.263	0.719	0.208	0.227
	0.637	0.754	2.000	0.257	0.252	2.000	0.637	0.400
	2.000	0.266	0.207	0.637	0.624	0.270	2.000	0.237	0.274	0.270	0.588	0.207	0.637
	2.000	0.664	0.513	0.739	0.239	0.469	0.664	0.207	0.739	0.270	0.243
	0.221	0.331	0.331	0.278	0.265	0.215	0.400	0.215	0.427	0.202	0.214
	2.000	0.278	0.221	0.272	0.287	0.295	0.396	0.562	0.783	0.378	2.000	0.272	2.000	0.562	0.230	0.295	0.396
	2.000	0.291	2.000	0.583	2.000	2.000	2.000
	2.000	0.264	0.251	0.257	2.000	0.488	0.790	0.790	0.225	0.226	0.251	0.264	0.346	2.000	0.264
	2.000	0.429	0.275	0.755	0.201	0.286	2.000	0.206	0.607	0.429
	0.249	0.507	0.624	0.792	0.244	0.560	0.438	0.205	0.679	2.000	0.254	0.249
	2.000	0.288	0.244	0.225	0.296	0.791	0.331	0.222	0.296	0.553	0.213	0.372	2.000	0.625
	2.000	2.000	0.230	0.270	2.000	0.686	0.331	0.271	0.257	0.739	0.237	0.686	0.202	0.248	0.268
	2.000	0.204	0.272	0.257	0.284	2.000	0.272	2.000	0.208	0.240	2.000	0.216	0.204	0.538	0.528
	2.000	2.000	0.297	0.256	0.209	2.000	2.000	0.393	0.745	0.284	0.277	0.792	0.211	0.669
	0.275	0.287	0.270	0.275	0.493	0.336	0.783	2.000	0.258	0.336	0.245	0.239	0.243	0.238	0.296	2.000	0.259
	0.219	0.220	0.409	0.219	0.284	0.209	0.200	0.253	2.000	0.285	2.000	0.252	0.336	0.209
	2.000	2.000	0.280	0.287	0.669	0.588	2.000