Nodes: 30
Max Connections: 20

beami
	6	7	11
	6	7	8
	7	8	9
	8	9	10
	9	10	11
	10	11	6
	0	5	1	7	11	8	10	12	13	17
	0	1	2	6	8	12	13	14
	1	2	3	7	9	6	10	13	14	15
	2	3	4	8	10	14	15	16
	3	4	5	9	11	8	6	15	16	17
	4	5	0	10	6	16	17	12
	6	11	7	13	17	14	16	18	19	23
	6	7	8	12	14	18	19	20
	7	8	9	13	15	12	16	19	20	21
	8	9	10	14	16	20	21	22
	9	10	11	15	17	12	14	21	22	23
	10	11	6	16	12	22	23	18
	12	17	13	19	23	20	22
	12	13	14	18	20
	13	14	15	19	21	18	22
	14	15	16	20	22
	15	16	17	21	23	18	20
	16	17	12	22	18
	0
	0
	0
	0
	0
	0

beamk
	1000.000	1000.000	1000.000
	1000.000	1000.000	1000.000
	1000.000	1000.000	1000.000
	1000.000	1000.000	1000.000
	1000.000	1000.000	1000.000
	1000.000	1000.000	1000.000
	1000.000	1000.000	1000.000	1000.000	1000.000	1000.000	1000.000	1000.000	1000.000	1000.000
	1000.000	1000.000	1000.000	1000.000	1000.000	1000.000	1000.000	1000.000
	1000.000	1000.000	1000.000	1000.000	1000.000	1000.000	1000.000	1000.000	1000.000	1000.000
	1000.000	1000.000	1000.000	1000.000	1000.000	1000.000	1000.000	1000.000
	1000.000	1000.000	1000.000	1000.000	1000.000	1000.000	1000.000	1000.000	1000.000	1000.000
	1000.000	1000.000	1000.000	1000.000	1000.000	1000.000	1000.000	1000.000
	1000.000	1000.000	1000.000	1000.000	1000.000	1000.000	1000.000	1000.000	1000.000	1000.000
	1000.000	1000.000	1000.000	1000.000	1000.000	1000.000	1000.000	1000.000
	1000.000	1000.000	1000.000	1000.000	1000.000	1000.000	1000.000	1000.000	1000.000	1000.000
	1000.000	1000.000	1000.000	1000.000	1000.000	1000.000	1000.000	1000.000
	1000.000	1000.000	1000.000	1000.000	1000.000	1000.000	1000.000	1000.000	1000.000	1000.000
	1000.000	1000.000	1000.000	1000.000	1000.000	1000.000	1000.000	1000.000
	1000.000	1000.000	1000.000	1000.000	1000.000	1000.000	1000.000
	1000.000	1000.000	1000.000	1000.000	1000.000
	1000.000	1000.000	1000.000	1000.000	1000.000	1000.000	1000.000
	1000.000	1000.000	1000.000	1000.000	1000.000
	1000.000	1000.000	1000.000	1000.000	1000.000	1000.000	1000.000
	1000.000	1000.000	1000.000	1000.000	1000.000
	1.000
	1.000
	1.000
	1.000
	1.000
	1.000

beaml
	2.000	2.000	2.000
	2.000	2.000	2.000
	2.000	2.000	2.000
	2.000	2.000	2.000
	2.000	2.000	2.000
	2.000	2.000	2.000
	2.000	2.000	2.000	1.000	1.000	1.700	1.700	2.000	2.000	2.000
	2.000	2.000	2.000	1.000	1.000	2.000	2.000	2.000
	2.000	2.000	2.000	1.000	1.000	1.700	1.700	2.000	2.000	2.000
	2.000	2.000	2.000	1.000	1.000	2.000	2.000	2.000
	2.000	2.000	2.000	1.000	1.000	1.700	1.700	2.000	2.000	2.000
	2.000	2.000	2.000	1.000	1.000	2.000	2.000	2.000
	2.000	2.000	2.000	1.000	1.000	1.700	1.700	2.000	2.000	2.000
	2.000	2.000	2.000	1.000	1.000	2.000	2.000	2.000
	2.000	2.000	2.000	1.000	1.000	1.700	1.700	2.000	2.000	2.000
	2.000	2.000	2.000	1.000	1.000	2.000	2.000	2.000
	2.000	2.000	2.000	1.000	1.000	1.700	1.700	2.000	2.000	2.000
	2.000	2.000	2.000	1.000	1.000	2.000	2.000	2.000
	2.000	2.000	2.000	1.000	1.000	1.700	1.700
	2.000	2.000	2.000	1.000	1.000
	2.000	2.000	2.000	1.000	1.000	1.700	1.700
	2.000	2.000	2.000	1.000	1.000
	2.000	2.000	2.000	1.000	1.000	1.700	1.700
	2.000	2.000	2.000	1.000	1.000
	1.000
	1.000
	1.000
	1.000
	1.000
	1.000

fail
	T	F	F
	F	F	F
	F	F	F
	F	F	F
	F	T	F
	F	F	F
	T	F	F	F	F	F	F	F	F	F
	F	F	F	F	F	F	F	F
	F	F	F	F	F	F	F	F	F	F
	F	F	F	F	F	F	F	F
	F	T	F	F	F	F	F	F	F	F
	F	F	F	F	F	F	F	F
	F	F	F	F	F	F	F	F	F	F
	F	F	F	F	F	F	F	F
	F	F	F	F	F	F	F	F	F	F
	F	F	F	F	F	F	F	F
	F	F	F	F	F	F	F	F	F	F
	F	F	F	F	F	F	F	F
	F	F	F	F	F	F	F
	F	F	F	F	F
	F	F	F	F	F	F	F
	F	F	F	F	F
	F	F	F	F	F	F	F
	F	F	F	F	F
	F
	F
	F
	F
	F
	F
