defaultTheta
	0.724	0.285	0.696	1.263	1.953	2.843	3.013	1.686	1.798	1.243	1.483	0.046	1.400	0.611	1.452	2.856	0.626	3.002	1.334	2.922	0.738	2.655	3.003	1.482	0.613	2.480	2.533	1.560	0.205	0.613	2.187	0.691	0.326	0.992	1.674	1.806	0.255	3.022	2.520	1.777	0.946	2.088	0.501	1.128	2.677	2.362	2.069	1.393	0.463
	0.914	0.016	1.407	0.899	0.389	2.650	0.268	0.141	0.792	2.862	1.347	0.520	0.978	0.480	1.843	1.614	3.079	2.335	1.903	2.632	0.369	1.317	2.595	2.994	2.099	2.166	1.970	0.873	2.134	2.178	2.295	0.450	2.282	0.435	2.878	0.193	2.065	0.743	2.967	1.764	0.168	2.229	0.333	1.945	1.312	0.161	1.632	2.697	0.255	1.815	3.058	0.097	0.376	0.359	1.435	2.126	2.911	0.600	1.173	2.571	0.385	2.950	0.201	2.789	2.497	0.446	0.328	1.254	1.383	0.905	0.593	1.280	1.103	0.466	1.283	1.619	2.627	0.542	0.793	0.141	1.651
	2.562	1.130	2.683	2.286	2.190	0.337	0.101	2.208	0.574	0.463	2.016	0.479	2.776	2.748	1.421	0.362	0.095	1.515	0.864	0.084	0.398	0.240	1.860	1.067	2.797
	1.485	1.478	1.088	0.095	0.886	1.952	2.356	2.741	1.685	1.389	0.376	2.190	2.285	3.065	0.201	1.740	1.250	0.508	1.187	3.032	2.118	0.181	0.749	2.062	0.244	1.061	2.096	1.238	1.018	1.449	0.739	2.904	0.123	1.185	0.873	0.242
	2.919	1.183	0.204	2.960	0.413	1.069	0.989	0.606	0.325	0.084	2.103	3.053	0.117	0.394	2.172	0.840	1.059	2.475	2.126	1.711	0.032	1.906	1.944	3.029	1.426
	0.193	2.959	2.613	1.200	0.924	0.502	2.179	0.646	2.824	0.665	2.170	1.032	1.719	0.305	2.105	1.578	2.117	2.402	1.330	1.453	0.691	0.877	0.375	1.241	1.153	1.451	2.604	1.116	2.318	2.788	0.010	0.436	2.621	0.573	0.157	3.063	0.841	0.576	2.321	1.273	0.581	0.515	2.066	1.225	3.051	2.522	2.096	2.046	2.655
	2.384	1.505	0.518	3.104	0.419	2.910	2.617	1.275	0.393	1.620	1.440	2.489	1.449	0.637	3.019	2.972	2.962	1.426	0.539	1.432	0.531	2.650	1.550	3.138	0.982	0.419	0.005	0.101	1.210	1.807	0.889	0.208	2.973	1.048	3.023	1.328	0.538	0.419	1.619	0.890	2.031	1.881	1.076	0.348	2.720	0.233	0.650	1.177	2.075	0.851	1.563	2.368	3.015	1.048	0.060	0.951	0.106	0.985	1.671	0.328	0.345	1.716	1.002	1.476	1.975	1.891	1.364	2.498	0.762	2.730	2.343	2.913	0.229	0.490	2.088	0.008	1.380	0.287	1.475	2.318	0.948	0.705	2.185	0.408	0.465	0.628	0.536	2.115	1.155	2.665	0.283	2.536	1.256	0.904	1.443	3.039	1.148	1.562	0.664	3.139
	1.967	0.796	1.025	0.126	2.375	2.282	2.324	1.179	1.357	0.027	2.163	2.050	0.527	0.361	2.441	2.321	0.984	0.628	2.886	1.047	0.404	1.636	1.865	0.024	1.756	2.881	3.117	0.948	2.260	1.694	1.667	2.825	0.849	1.519	1.065	2.712	2.754	1.056	0.880	1.558	1.132	0.272	3.087	1.610	2.529	0.622	1.036	0.565	0.616	2.478	1.508	0.010	0.113	2.599	2.146	0.487	2.312	1.244	1.980	1.321	3.017	2.422	2.248	2.796	1.928	1.404	1.040	1.415	2.480	2.146	1.887	1.621	0.252	0.174	2.577	0.457	0.296	0.222	2.724	2.266	2.010	1.805	1.943	1.061	0.952	2.766	2.699	0.756	0.969	2.041	2.425	2.857	2.235	2.123	2.956	0.186	1.777	1.731	2.071	1.860	2.858	2.720	2.729	2.224	1.264	0.961	0.479	0.127	0.613	1.389	0.357	2.251	0.425	2.712	0.491	2.377	2.914	2.622	2.289	3.058	2.828	0.959	1.553	2.879	0.195	2.593	2.702	2.685	2.543	2.482	0.544	0.100	0.530	2.817	1.285	0.089	0.468	1.137	2.133	1.045	2.000	2.879	2.199	1.546
	1.536	1.493	2.603	2.396	1.174	2.810	1.663	0.289	0.805	1.011	2.300	2.124	2.553	2.719	1.143	0.069	2.010	1.617	0.013	1.462	2.942	0.505	0.888	0.454	2.219	1.489	0.380	2.536	2.333	1.402	0.095	3.013	3.033	0.434	2.359	1.092	3.027	0.482	2.390	2.465	2.402	2.845	1.283	2.575	1.212	0.809	2.305	0.271	2.169	2.101	2.602	0.404	1.647	0.118	1.823	2.364	0.254	0.725	1.166	2.012	0.992	0.543	0.361	2.353
	1.519	0.773	1.363	0.325	2.063	0.765	3.026	1.827	2.055	1.675	2.710	2.457	0.226	0.717	0.673	3.115	1.240	0.030	1.924	2.473	0.797	1.589	0.083	0.820	2.827	2.217	3.041	2.956	1.391	0.712	0.460	1.115	1.432	1.162	1.499	1.059	0.588	2.979	2.922	2.809	0.011	1.861	0.276	0.036	2.207	0.590	1.433	1.225	2.850
	3.079	2.879	0.363	0.502	0.998	0.857	2.890	2.550	0.778	0.144	1.352	1.562	1.877	0.506	2.718	2.347	1.422	0.511	2.411	1.985	1.296	0.932	0.567	2.655	0.026	2.160	2.009	0.179	0.434	0.705	0.899	2.666	1.995	0.964	1.048	1.531	2.649	0.247	2.804	1.421	2.559	1.066	1.019	2.171	1.929	1.463	2.786	2.007	1.023	2.903	2.779	1.273	0.614	2.362	1.280	3.105	1.079	2.124	2.273	0.410	0.887	0.746	2.861	2.171	2.584	2.813	0.083	1.367	2.464	0.972	1.227	1.299	1.964	1.264	1.434	2.156	0.405	2.852	2.514	0.866	0.672	1.037	1.482	1.452	2.991	1.406	0.218	0.242	2.987	0.136	0.037	0.459	2.052	0.566	2.051	0.240	1.969	0.336	0.539	1.114
	1.070	1.464	2.084	0.328	0.070	0.067	2.755	0.548	0.695	3.090	2.546	2.326	1.464	1.684	1.308	2.391	2.176	0.524	2.420	3.047	1.315	2.596	0.498	2.594	1.117	0.796	2.729	1.896	2.642	3.055	0.094	0.045	3.018	0.247	1.421	1.644	0.125	0.523	1.101	1.815	2.517	2.740	2.591	0.015	1.932	2.900	2.232	1.154	0.372
	1.263	1.553	1.388	0.863	2.301	1.886	1.041	0.443	0.224	2.133	1.984	0.167	2.949	1.546	1.366	2.363
	0.570	2.394	2.452	0.727	2.080	2.586	0.732	0.618	2.922	1.196	0.533	0.365	0.620	1.303	0.687	1.473	1.298	0.073	0.841	2.220	0.272	2.901	1.552	1.960	3.128	3.096	1.377	0.860	2.229	0.842	2.686	1.032	3.041	1.451	1.906	0.520	2.193	0.040	0.656	1.935	2.015	1.163	2.208	2.247	1.044	1.071	2.262	1.431	0.068	2.902	0.269	1.010	0.560	3.066	3.050	1.859	0.608	2.173	1.903	0.971	1.226	0.393	1.004	2.508
	1.564	3.045	2.548	1.155	1.963	1.182	2.940	0.652	2.921	0.081	0.963	1.487	3.094	2.535	0.563	2.029	1.028	0.819	2.846	0.400	3.054	0.396	1.482	0.117	0.733	2.943	1.251	0.742	0.026	2.161	2.037	2.716	2.980	0.357	2.368	1.210	2.340	1.991	2.655	1.942	2.307	1.941	3.031	1.621	2.818	0.505	1.688	1.636	0.474
	1.069	2.751	1.980	0.744	2.630	2.938	0.503	0.032	2.520
	1.985	2.979	1.639	0.233	0.423	1.712	0.721	0.596	1.919	2.279	0.264	2.920	0.055	2.164	2.724	0.008	2.542	0.087	0.188	1.224	2.189	1.507	2.575	0.098	1.538	0.873	1.002	1.863	0.932	1.143	2.428	2.082	0.996	2.867	2.489	1.794	0.744	1.305	2.263	1.529	0.638	2.461	3.054	2.696	2.067	1.359	1.848	0.041	2.468
	0.886	0.716	0.211	2.839	1.637	2.920	2.619	2.427	2.057	3.121	0.042	2.309	0.259	1.699	0.718	0.066	2.841	1.142	2.242	1.428	2.800	0.762	1.624	1.074	2.387
	2.151	3.100	0.687	2.334	0.517	0.271	1.515	1.365	3.023	0.355	1.203	2.517	2.290	2.013	1.538	1.277	0.546	1.865	1.453	0.478	0.969	2.554	0.719	1.999	1.243	1.911	2.367	1.269	2.284	1.739	1.399	1.228	1.109	0.036	1.010	1.391	1.264	1.322	1.580	2.584	2.534	2.126	2.638	0.133	0.393	2.462	1.746	0.595	0.499
	2.275	1.146	0.347	1.327	1.251	1.848	2.588	2.046	3.000	1.826	0.182	1.864	0.870	0.050	0.182	2.097	2.059	2.982	2.512	0.932	0.933	1.315	0.880	1.953	1.762
	0.731	2.858	1.447	3.064	2.052	2.047	2.561	1.110	0.228	0.427	1.102	0.799	1.740	2.636	2.418	1.189	0.058	2.602	1.491	3.002	2.628	1.410	2.871	1.307	3.000	1.117	3.093	0.235	0.454	2.243	0.985	2.880	1.195	2.548	1.723	3.088	1.175	0.115	0.734	0.862	0.013	1.553	0.754	1.656	1.518	0.939	1.048	0.405	3.017	1.787	2.220	2.808	3.090	1.158	1.203	1.275	0.857	1.182	1.476	2.818	0.454	2.356	1.292	0.602	2.572	2.766	0.981	1.905	2.213	1.612	1.940	1.492	2.575	1.266	2.370	0.762	1.557	1.184	2.737	0.875	1.034	0.677	2.931	2.945	2.503	2.277	1.161	0.958	0.159	1.503	0.024	2.211	2.241	1.289	2.039	0.862	2.663	1.947	0.980	1.313
	0.025	1.644	1.077	1.781	1.683	0.622	2.407	0.146	3.086	0.201	0.458	1.916	2.602	2.432	2.472	0.782	1.053	0.542	1.886	0.224	2.465	2.134	0.538	0.096	0.574
	2.467	1.360	1.012	1.962	1.262	0.906	0.648	1.329	0.948	0.371	0.501	2.018	1.425	1.774	3.038	1.819	0.239	0.463	0.858	1.553	0.576	1.023	1.277	2.415	2.426	0.255	2.480	2.420	1.687	2.285	0.258	0.805	0.999	1.747	0.551	0.837	2.617	2.351	1.070	2.977	1.268	0.139	2.362	1.371	0.469	2.491	1.477	1.224	1.422	1.192	3.129	3.100	0.747	0.215	0.792	2.172	0.140	2.667	1.728	0.268	1.410	2.923	2.912	2.221
	0.835	0.024	2.301	0.285	2.291	1.724	0.551	2.001	3.065	0.051	2.422	0.706	3.077	0.436	1.493	0.899	2.930	0.009	0.905	1.996	0.794	3.138	1.333	2.035	0.381	2.908	2.405	0.353	0.960	2.047	0.305	1.639	0.728	2.183	1.943	1.688	1.617	0.940	0.540	1.065	1.921	0.583	1.303	0.384	1.725	1.574	2.237	2.123	1.720
	1.457	2.202	0.117	1.688	0.486	0.891	0.007	2.382	0.856	1.525	2.807	0.530	2.138	1.311	2.589	2.284
	0.411	0.908	2.022	1.585	1.682	0.917	2.147	2.279	0.701	1.101	0.771	1.606	1.255	0.887	2.807	1.608	1.374	0.604	1.971	2.761	1.523	2.200	0.693	0.390	2.000
	1.761	3.121	2.538	0.001	1.938	0.313	2.884	2.921	1.941	2.535	2.261	2.096	1.445	2.658	1.043	0.184	1.145	3.029	1.399	0.825	2.696	0.600	2.826	2.784	2.129	0.044	3.093	2.569	1.788	0.090	0.460	2.494	0.437	2.147	2.270	2.031	0.969	1.122	3.009	2.278	2.942	0.105	1.320	1.149	1.618	2.798	1.512	0.540	1.390	0.642	2.517	2.343	2.162	0.998	1.087	0.885	2.456	0.639	0.522	0.601	3.026	1.075	2.407	0.203	1.161	1.174	0.377	0.881	0.697	1.427	2.013	2.672	0.161	1.961	1.957	2.823	2.820	0.096	2.372	2.741	1.146
	0.928	1.148	0.921	0.547	0.488	1.519	0.746	0.188	2.362	2.128	0.844	2.800	0.751	1.241	2.422	1.124	0.768	2.018	0.976	0.895	1.983	1.483	0.951	2.294	0.674	2.215	3.087	2.459	0.761	1.046	2.944	0.250	1.300	2.259	1.690	0.600
	2.425	0.118	0.612	0.407	0.550	2.804	1.353	1.191	2.679	2.156	1.265	3.051	1.531	1.701	2.181	0.610	1.242	1.700	3.140	3.139	1.586	1.044	1.780	1.911	1.330	0.657	0.189	2.020	2.735	1.798	2.879	0.097	3.136	2.833	0.761	0.541
	2.490	2.145	0.678	2.446	1.840	1.462	0.527	0.607	0.919	1.895	1.671	1.636	0.647	1.658	1.016	0.614	0.643	1.493	0.532	0.187	0.757	1.259	1.990	1.405	1.129

angleSpringConst
	25.825	27.885	32.748	35.283	46.324	43.960	23.622	28.329	44.402	27.833	48.157	44.873	27.827	48.300	20.149	40.778	49.992	32.622	30.724	21.393	45.058	25.824	31.456	35.852	46.028	40.021	44.127	27.553	40.732	35.821	23.125	46.855	25.261	35.857	27.381	43.033	32.604	21.119	33.010	49.918	30.656	23.223	24.833	26.738	36.629	36.445	49.157	42.871	42.776
	40.403	45.978	22.596	32.293	22.643	40.687	24.342	42.499	26.127	38.341	42.896	25.424	44.724	42.641	28.999	46.323	35.574	32.839	20.884	41.886	40.436	26.088	33.916	22.343	45.919	22.908	45.654	48.156	32.913	27.974	26.213	41.316	46.598	29.958	49.287	21.010	34.417	34.502	25.684	38.376	27.530	40.418	49.617	43.563	29.371	24.443	25.833	27.372	49.913	49.914	39.174	38.924	28.021	21.923	40.271	35.309	31.584	20.985	44.302	43.732	46.083	39.257	43.933	24.347	33.959	43.047	25.185	26.723	35.397	46.912	48.946	23.468	37.948	41.731	49.000	35.923	33.638	47.000	21.809	21.417	25.608
	38.901	26.435	44.000	24.270	47.500	23.132	33.745	25.421	23.330	40.939	49.504	44.433	32.148	47.851	32.010	28.030	34.253	46.534	26.297	49.164	24.019	24.764	43.376	43.241	34.606
	35.959	38.757	30.614	26.634	34.470	31.925	39.554	26.965	24.430	36.891	37.058	25.890	28.674	22.007	45.973	36.096	20.722	42.324	25.758	39.802	37.601	32.728	47.904	43.243	22.954	25.928	21.044	31.834	31.084	31.634	20.453	38.989	22.583	32.511	30.271	48.568
	24.039	25.027	20.988	24.278	28.404	43.953	42.024	39.167	39.627	30.165	48.531	41.254	30.467	29.454	26.078	38.609	39.318	32.061	41.906	44.248	46.544	29.758	43.988	41.676	49.727
	23.694	20.995	49.371	48.713	22.200	36.848	34.909	34.445	46.473	33.308	26.661	28.922	48.421	35.344	36.524	41.939	33.329	35.166	24.396	41.526	38.671	47.405	34.540	20.550	38.201	21.735	43.710	31.282	33.567	32.228	31.697	40.309	47.101	27.726	39.355	28.094	27.625	31.607	37.349	23.179	46.015	20.413	35.570	31.856	28.320	49.227	48.251	35.043	45.012
	46.849	42.020	42.394	30.441	41.810	36.157	23.341	49.902	21.897	35.448	34.608	27.837	33.786	23.372	21.439	41.597	32.752	23.231	33.262	29.146	31.462	20.061	27.476	38.557	35.435	43.126	47.773	33.879	27.050	30.387	35.636	26.777	35.602	23.533	43.679	23.936	27.983	39.945	23.961	44.832	32.507	39.439	38.920	41.839	40.570	24.458	24.210	24.594	41.243	38.676	40.807	40.064	46.609	34.249	38.510	39.965	47.039	31.297	32.723	31.928	25.361	29.500	47.622	49.384	42.222	23.786	30.672	31.819	23.859	27.850	25.149	43.386	27.220	38.147	27.818	43.237	36.462	42.751	36.831	22.948	30.195	42.081	20.585	48.147	49.968	46.813	23.813	27.306	44.882	20.977	45.529	35.880	46.951	46.075	20.767	42.834	25.757	21.828	38.816	30.785
	25.973	43.902	47.798	40.819	46.661	45.380	36.010	24.181	39.892	46.742	49.278	21.620	24.492	31.377	23.424	32.092	49.761	39.183	27.201	40.239	21.798	46.052	46.879	20.768	20.488	27.430	37.086	24.802	32.499	34.885	28.342	45.320	22.970	25.662	44.505	34.034	31.520	34.111	30.319	45.171	32.389	30.573	31.651	41.053	21.554	30.072	22.916	38.000	39.895	36.058	39.563	30.703	30.178	29.483	29.693	21.304	27.254	41.558	47.252	33.055	38.550	28.703	48.520	47.352	40.365	22.814	33.502	31.012	28.331	34.177	45.149	30.107	47.359	41.309	34.276	43.418	47.492	44.291	48.824	34.426	25.052	49.118	20.756	32.234	20.625	47.111	31.892	48.177	28.882	23.862	43.849	45.984	49.401	37.352	31.918	37.415	39.018	25.524	46.663	48.861	34.169	43.062	23.189	25.312	30.724	25.229	26.454	45.914	41.488	24.081	35.044	40.375	28.028	43.835	33.657	21.979	38.668	43.886	36.279	23.928	28.372	21.577	30.370	40.681	30.757	25.263	36.257	49.862	41.536	48.976	36.393	23.018	45.995	46.918	46.102	29.278	30.003	39.299	28.345	42.231	24.741	34.902	43.131	35.282
	28.462	39.860	35.213	49.916	39.782	43.482	47.680	40.357	33.615	48.056	39.636	31.062	37.780	35.376	30.729	45.578	34.916	34.046	28.316	31.336	30.796	33.982	27.579	36.158	33.996	33.155	24.501	48.010	40.182	23.192	34.044	40.102	34.208	49.089	38.110	40.623	35.244	27.381	28.945	34.017	27.754	46.574	41.390	24.537	27.971	32.483	26.499	40.975	26.733	33.232	20.488	43.749	28.461	28.555	44.669	30.347	39.745	34.678	21.506	42.706	46.943	21.492	27.774	44.150
	32.530	29.351	31.238	48.750	24.229	27.104	49.878	21.320	44.373	20.757	25.212	25.355	48.652	25.598	49.313	40.934	27.131	44.861	23.385	28.067	20.916	26.512	22.623	40.416	43.830	42.874	34.635	21.198	25.076	39.713	26.544	36.232	30.933	22.044	24.703	41.931	45.283	26.413	26.274	44.900	38.001	49.146	36.003	35.922	27.140	45.467	36.283	47.359	42.791
	31.533	29.514	23.113	21.907	22.702	26.354	28.286	35.375	46.990	27.776	42.456	38.548	48.599	49.622	22.047	45.361	39.907	37.045	29.672	22.546	47.133	29.976	23.255	32.851	46.729	33.158	25.542	27.108	26.538	20.099	49.143	42.165	20.335	32.071	48.162	42.381	43.517	20.714	47.708	47.017	24.191	33.622	31.881	33.874	47.461	47.004	29.433	35.654	48.379	39.775	32.341	41.837	34.512	22.631	26.116	26.657	29.824	40.040	31.009	30.124	37.886	25.073	46.296	27.086	38.452	41.217	29.017	26.652	25.604	25.750	28.932	42.027	22.685	30.461	35.980	42.164	47.713	21.185	37.965	38.685	25.132	27.210	42.955	27.679	43.146	30.280	45.836	40.835	34.373	32.215	41.881	24.219	21.617	33.603	33.675	45.998	32.190	22.956	37.071	23.705
	44.065	32.296	36.291	38.421	24.426	21.018	25.016	35.901	30.641	46.214	21.792	33.122	45.420	39.126	46.714	42.708	26.816	30.679	28.134	43.772	49.737	28.867	20.026	31.385	44.272	24.982	49.810	30.045	24.182	27.722	42.002	41.675	25.434	41.926	21.456	46.128	30.487	25.946	49.762	41.181	44.930	40.097	34.267	39.971	49.313	39.346	48.123	40.134	33.376
	37.125	47.757	36.025	38.247	38.758	29.303	32.043	26.101	48.974	22.282	28.818	36.638	42.910	29.185	38.318	45.103
	27.393	38.695	21.105	35.389	44.951	49.801	48.926	29.134	46.271	36.845	33.012	23.253	38.244	38.966	24.999	32.006	26.930	25.810	27.642	47.897	35.892	29.587	23.601	32.717	20.137	24.962	23.045	39.071	40.652	47.852	42.106	28.044	30.559	27.071	25.054	40.794	22.666	25.764	39.102	26.140	38.043	22.388	39.316	32.377	49.496	25.620	40.087	40.639	47.518	38.847	22.677	43.519	30.022	31.611	37.764	38.363	48.852	46.895	32.211	48.136	39.501	23.309	37.420	30.234
	41.657	37.511	28.721	49.678	30.312	37.867	49.039	23.882	46.981	36.060	30.049	40.899	37.953	29.138	38.156	40.312	38.453	24.147	38.851	35.918	35.113	47.239	30.014	32.044	21.898	36.187	32.300	31.496	21.293	25.626	30.007	49.262	23.760	45.635	27.233	41.774	35.337	26.499	40.134	22.346	36.647	23.978	45.619	49.200	26.109	36.361	20.763	34.577	39.032
	47.134	41.766	38.612	27.921	22.455	33.654	40.087	43.334	49.248
	29.541	35.864	23.274	21.767	37.849	28.560	46.557	23.147	44.602	45.426	36.870	20.579	22.681	20.825	34.732	34.968	48.521	29.922	23.058	25.831	48.033	47.788	40.084	32.912	42.694	37.209	26.218	30.089	28.454	24.914	30.987	37.458	40.714	31.301	29.070	34.678	21.523	21.692	33.401	26.292	42.942	35.660	31.289	28.059	26.662	32.929	22.855	47.156	47.768
	37.340	45.590	33.941	34.485	38.719	20.237	23.982	38.513	42.339	35.391	39.545	33.370	29.702	22.861	29.794	35.315	27.467	49.153	28.017	27.041	31.524	41.747	20.458	25.148	30.061
	43.194	32.591	22.079	42.790	49.151	25.569	49.717	45.370	24.444	32.508	20.123	38.764	29.537	22.130	32.019	25.223	31.796	31.778	30.107	38.816	27.151	43.723	27.421	25.738	42.481	43.351	32.277	34.474	21.338	26.499	48.794	38.570	49.536	44.466	24.915	38.901	27.667	38.934	21.717	46.953	32.918	36.801	22.420	37.010	37.878	37.114	25.231	47.262	26.032
	34.410	25.009	43.013	35.934	47.763	26.619	31.849	35.021	34.732	49.925	41.198	45.250	24.474	33.996	25.248	43.463	20.975	42.969	31.148	25.935	46.555	23.628	22.091	27.054	26.090
	38.565	44.781	25.600	34.297	20.991	29.625	29.204	42.926	24.588	31.077	32.986	43.076	36.036	25.264	31.991	20.069	28.641	34.372	44.106	23.837	38.214	39.550	44.062	49.592	36.551	29.172	38.301	36.152	47.416	47.428	22.769	29.963	42.348	45.651	43.003	31.550	32.951	28.635	33.577	25.662	38.896	49.666	37.082	31.535	27.234	43.904	26.461	41.414	48.201	35.263	36.554	22.421	47.913	26.517	39.283	31.618	47.013	35.376	47.102	48.593	25.876	34.339	46.364	31.146	42.818	35.769	43.222	28.877	49.247	22.625	47.573	46.709	45.527	28.680	28.997	46.965	49.770	47.210	37.057	40.699	24.766	39.247	44.658	39.123	33.518	32.435	25.990	25.676	41.229	44.146	41.629	35.100	22.416	37.532	40.666	49.349	34.699	43.420	36.720	23.263
	24.290	31.328	44.842	31.798	21.360	36.298	47.056	34.389	33.707	38.945	30.152	49.805	26.889	24.209	25.768	43.846	43.169	40.339	42.178	24.081	28.081	36.528	41.776	24.609	22.838
	29.857	31.848	27.842	22.887	32.346	39.522	38.712	31.366	20.701	31.188	47.082	45.162	44.406	34.528	42.422	42.569	20.356	31.940	43.154	40.248	43.480	31.692	42.461	41.243	46.602	47.944	41.700	27.295	30.044	35.120	29.188	24.744	32.106	37.741	21.510	30.760	37.760	27.183	35.509	23.382	20.857	25.795	44.433	28.663	24.913	26.943	21.472	43.645	48.370	38.839	39.376	44.870	42.050	37.356	20.480	39.670	42.065	43.894	28.556	40.974	46.340	47.569	29.603	31.391
	22.599	27.853	49.828	49.110	24.777	49.438	27.204	26.594	34.573	35.766	23.045	26.597	24.656	47.196	45.379	42.233	28.817	39.953	22.810	20.523	25.529	32.844	39.069	32.001	39.926	46.771	24.506	42.355	27.534	43.422	48.138	20.892	35.741	35.600	29.909	46.137	36.084	48.171	48.418	28.795	27.939	31.314	28.935	41.609	43.219	39.382	20.686	48.312	31.119
	24.977	20.034	26.466	30.095	41.271	34.810	46.857	25.632	25.195	31.839	21.035	31.835	46.416	30.691	48.947	28.639
	32.839	25.039	44.792	43.942	43.646	36.128	21.502	48.674	26.327	23.500	35.571	47.779	47.855	26.715	20.281	20.727	44.028	22.424	40.899	24.883	25.119	25.049	32.771	33.317	34.235
	46.460	22.153	31.794	22.709	46.811	23.864	36.110	23.304	36.713	34.901	28.748	32.607	46.641	37.519	34.476	46.776	21.561	25.174	48.937	21.864	30.873	43.286	23.620	35.516	40.792	31.928	40.437	33.338	39.913	47.035	22.611	35.324	42.740	37.526	48.381	37.424	45.118	26.236	27.299	39.071	42.170	47.632	45.534	49.684	31.826	39.836	40.530	38.608	45.657	24.947	45.525	23.292	23.081	39.382	21.280	28.472	29.452	26.056	37.072	40.434	22.459	33.335	35.429	26.260	28.078	25.124	23.579	44.247	37.944	37.040	42.082	32.674	21.615	26.521	44.470	37.585	27.223	39.919	22.863	23.738	27.386
	34.545	37.279	37.624	42.420	44.446	20.177	36.036	45.850	40.479	39.511	37.249	28.983	39.386	23.347	42.788	21.987	41.697	36.124	44.488	33.986	43.047	46.055	35.954	21.639	32.225	34.496	37.884	26.642	25.326	20.395	40.722	25.446	41.649	41.740	20.115	25.072
	39.889	22.244	43.031	32.276	45.034	24.730	40.252	40.189	41.361	43.693	42.967	44.502	40.709	20.753	41.968	33.985	26.951	37.700	40.113	25.238	46.747	48.064	41.340	32.578	28.837	44.785	25.409	36.419	25.528	36.943	42.996	29.353	37.157	49.929	47.028	42.416
	35.135	30.775	28.733	39.177	49.623	39.374	23.247	21.152	42.965	26.272	39.023	35.908	32.677	33.449	41.004	23.481	46.345	32.613	27.609	42.648	35.751	32.265	37.814	47.774	21.512
