Nodes: 30
Max Connections: 20

beami
	6	9	10	11	12	15	16
	7	9	10	13	14	20	21	23	26
	6	7	8	13	29
	7	9	14	16	20	26
	7	9	22	28	29
	6	8	13	18	20	23	28
	0	2	5	10	11	13	16	25	26	28
	1	2	3	4	9	10	11	15	16	18	19	22
	2	5	11	14	15	18	21	24
	0	1	3	4	7	12	25
	0	1	6	7	11	14	18	22	26	27
	0	6	7	8	10	19	27
	0	9	16	25
	1	2	5	6	17	19	26	27
	1	3	8	10	20	22	28
	0	7	8
	0	3	6	7	12	20	26
	13	20	21	22	29
	5	7	8	10	23	26	28
	7	11	13	21	27
	1	3	5	14	16	17	24	26	27	28
	1	8	17	19	22
	4	7	10	14	17	21	25	27
	1	5	18	24	25	26	29
	8	20	23	29
	6	9	12	22	23
	1	3	6	10	13	16	18	20	23
	10	11	13	19	20	22
	4	5	6	14	18	20
	2	4	17	23	24

beamk
	4000.000	4000.000	4000.000	4000.000	4000.000	4000.000	4000.000
	4000.000	4000.000	4000.000	4000.000	4000.000	4000.000	4000.000	4000.000	4000.000
	4000.000	4000.000	4000.000	4000.000	4000.000
	4000.000	4000.000	4000.000	4000.000	4000.000	4000.000
	4000.000	4000.000	4000.000	4000.000	4000.000
	4000.000	4000.000	4000.000	4000.000	4000.000	4000.000	4000.000
	4000.000	4000.000	4000.000	106.117	125.863	88.582	104.937	54.081	120.500	89.274
	4000.000	4000.000	4000.000	4000.000	69.811	108.393	60.398	74.070	54.365	137.767	108.267	83.737
	4000.000	4000.000	78.466	71.301	54.986	82.964	123.032	97.560
	4000.000	4000.000	4000.000	4000.000	69.811	106.242	90.040
	4000.000	4000.000	106.117	108.393	57.051	119.488	55.084	146.436	51.991	130.861
	4000.000	125.863	60.398	78.466	57.051	79.573	132.773
	4000.000	106.242	144.977	94.277
	4000.000	4000.000	4000.000	88.582	66.845	119.739	138.402	110.856
	4000.000	4000.000	71.301	119.488	103.695	122.388	74.381
	4000.000	74.070	54.986
	4000.000	4000.000	104.937	54.365	144.977	74.234	146.421
	66.845	141.212	73.064	136.464	132.711
	4000.000	137.767	82.964	55.084	62.627	142.951	111.680
	108.267	79.573	119.739	77.013	134.342
	4000.000	4000.000	4000.000	103.695	74.234	141.212	96.264	143.893	114.361	76.041
	4000.000	123.032	73.064	77.013	148.004
	4000.000	83.737	146.436	122.388	136.464	148.004	119.832	149.070
	4000.000	4000.000	62.627	88.381	52.742	78.783	58.175
	97.560	96.264	88.381	118.867
	54.081	90.040	94.277	119.832	52.742
	4000.000	4000.000	120.500	51.991	138.402	146.421	142.951	143.893	78.783
	130.861	132.773	110.856	134.342	114.361	149.070
	4000.000	4000.000	89.274	74.381	111.680	76.041
	4000.000	4000.000	132.711	58.175	118.867

beaml
	2.000	2.000	2.000	2.000	2.000	2.000	2.000
	2.000	2.000	2.000	2.000	2.000	2.000	2.000	2.000	2.000
	2.000	2.000	2.000	2.000	2.000
	2.000	2.000	2.000	2.000	2.000	2.000
	2.000	2.000	2.000	2.000	2.000
	2.000	2.000	2.000	2.000	2.000	2.000	2.000
	2.000	2.000	2.000	0.439	0.653	0.542	0.674	0.778	0.422	0.431
	2.000	2.000	2.000	2.000	0.674	0.416	0.437	0.375	0.702	0.357	0.579	0.242
	2.000	2.000	0.710	0.508	0.687	0.506	0.572	0.640
	2.000	2.000	2.000	2.000	0.674	0.299	0.200
	2.000	2.000	0.439	0.416	0.589	0.320	0.523	0.270	0.668	0.433
	2.000	0.653	0.437	0.710	0.589	0.443	0.779
	2.000	0.299	0.504	0.734
	2.000	2.000	2.000	0.542	0.666	0.604	0.251	0.581
	2.000	2.000	0.508	0.320	0.534	0.518	0.659
	2.000	0.375	0.687
	2.000	2.000	0.674	0.702	0.504	0.564	0.546
	0.666	0.261	0.478	0.478	0.484
	2.000	0.357	0.506	0.523	0.471	0.623	0.592
	0.579	0.443	0.604	0.627	0.575
	2.000	2.000	2.000	0.534	0.564	0.261	0.462	0.594	0.326	0.718
	2.000	0.572	0.478	0.627	0.564
	2.000	0.242	0.270	0.518	0.478	0.564	0.779	0.773
	2.000	2.000	0.471	0.275	0.401	0.318	0.329
	0.640	0.462	0.275	0.595
	0.778	0.200	0.734	0.779	0.401
	2.000	2.000	0.422	0.668	0.251	0.546	0.623	0.594	0.318
	0.433	0.779	0.581	0.575	0.326	0.773
	2.000	2.000	0.431	0.659	0.592	0.718
	2.000	2.000	0.484	0.329	0.595

fail
	F	F	F	F	F	F	F
	F	F	F	F	F	F	F	F	F
	F	F	F	F	F
	F	F	F	F	F	F
	F	F	F	F	F
	F	F	F	F	F	F	F
	F	F	F	T	T	T	T	T	F	T
	F	F	F	F	T	T	T	T	T	F	F	T
	F	F	F	F	T	T	F	F
	F	F	F	F	T	T	T
	F	F	T	T	F	T	T	T	T	T
	F	T	T	F	F	F	F
	F	T	F	F
	F	F	F	T	T	F	T	T
	F	F	F	T	T	F	T
	F	T	T
	F	F	T	T	F	T	T
	T	T	T	T	F
	F	F	T	T	T	T	T
	F	F	F	F	F
	F	F	F	T	T	T	F	T	T	F
	F	F	T	F	F
	F	T	T	F	T	F	F	F
	F	F	T	T	T	T	F
	F	F	T	F
	T	T	F	F	T
	F	F	F	T	T	T	T	T	T
	T	F	T	F	T	F
	F	F	T	T	T	F
	F	F	F	F	F
