Nodes: 30
Max Connections: 20

beami
	6	9	12	14	15	16	17	18	20	23	25	29
	8	9	11	15	16	17	18	20	21	23	25	26
	6	8	10	11	13	15	19	23	24	27
	7	8	9	10	11	12	13	15	16	17	18	20	21	22	24	26	28
	7	8	9	10	11	12	13	14	15	16	18	19	21	22	24	28
	7	12	14	16	19	26	28
	0	2	9	11	12	15	16	17	19	20	22	26	27	28
	3	4	5	10	11	16	17	18	19	20	21	22	24	25	26	29
	1	2	3	4	9	10	11	14	15	16	21	22	23	24	25	28	29
	0	1	3	4	6	8	10	11	12	16	21	22	23	24	27	29
	2	3	4	7	8	9	12	14	15	19	22	24	25	26	29
	1	2	3	4	6	7	8	9	12	14	16	17	18	21	23	28
	0	3	4	5	6	9	10	11	14	18	21	22	24
	2	3	4	15	16	17	19	21	24	25	26	27	28	29
	0	4	5	8	10	11	12	17	18	20	21	22	25	26	28
	0	1	2	3	4	6	8	10	13	17	18	20	23	25	26	28	29
	0	1	3	4	5	6	7	8	9	11	13	19	20	21	22	28	29
	0	1	3	6	7	11	13	14	15	18	21	25	29
	0	1	3	4	7	11	12	14	15	17	20	21	22	23	26	28
	2	4	5	6	7	10	13	16	20	23	24	26	28
	0	1	3	6	7	14	15	16	18	19	22	24	25	26	27	28
	1	3	4	7	8	9	11	12	13	14	16	17	18	22	25	26	28
	3	4	6	7	8	9	10	12	14	16	18	20	21	24	27
	0	1	2	8	9	11	15	18	19	26
	2	3	4	7	8	9	10	12	13	19	20	22	27	28
	0	1	7	8	10	13	14	15	17	20	21	26	28	29
	1	3	5	6	7	10	13	14	15	18	19	20	21	23	25
	2	6	9	13	20	22	24	29
	3	4	5	6	8	11	13	14	15	16	18	19	20	21	24	25
	0	7	8	9	10	13	15	16	17	25	27

beamk
	4000.000	4000.000	4000.000	4000.000	4000.000	4000.000	4000.000	4000.000	4000.000	4000.000	4000.000	4000.000
	4000.000	4000.000	4000.000	4000.000	4000.000	4000.000	4000.000	4000.000	4000.000	4000.000	4000.000	4000.000
	4000.000	4000.000	4000.000	4000.000	4000.000	4000.000	4000.000	4000.000	4000.000	4000.000
	4000.000	4000.000	4000.000	4000.000	4000.000	4000.000	4000.000	4000.000	4000.000	4000.000	4000.000	4000.000	4000.000	4000.000	4000.000	4000.000	4000.000
	4000.000	4000.000	4000.000	4000.000	4000.000	4000.000	4000.000	4000.000	4000.000	4000.000	4000.000	4000.000	4000.000	4000.000	4000.000	4000.000
	4000.000	4000.000	4000.000	4000.000	4000.000	4000.000	4000.000
	4000.000	4000.000	101.965	50.356	116.206	140.917	91.827	63.235	126.769	91.268	100.762	136.774	102.981	98.035
	4000.000	4000.000	4000.000	60.119	70.612	118.400	69.162	55.581	142.355	95.336	143.371	141.895	91.585	93.870	69.940	52.471
	4000.000	4000.000	4000.000	4000.000	53.413	59.045	78.317	139.604	58.140	99.725	79.538	100.007	125.342	136.804	80.241	72.817	108.857
	4000.000	4000.000	4000.000	4000.000	101.965	53.413	146.911	107.592	88.280	69.443	65.431	144.103	66.920	125.777	55.722	118.560
	4000.000	4000.000	4000.000	60.119	59.045	146.911	133.771	140.939	112.942	116.655	88.610	128.180	102.429	130.502	71.953
	4000.000	4000.000	4000.000	4000.000	50.356	70.612	78.317	107.592	102.254	51.307	61.093	118.045	62.264	51.539	73.375	65.573
	4000.000	4000.000	4000.000	4000.000	116.206	88.280	133.771	102.254	101.572	58.845	87.830	118.347	80.687
	4000.000	4000.000	4000.000	80.853	124.566	120.572	135.244	94.841	129.231	59.917	58.606	147.249	78.102	52.668
	4000.000	4000.000	4000.000	139.604	140.939	51.307	101.572	129.571	143.749	65.480	71.468	100.066	94.038	62.095	116.607
	4000.000	4000.000	4000.000	4000.000	4000.000	140.917	58.140	112.942	80.853	75.987	109.330	112.311	137.291	103.068	147.106	127.649	94.256
	4000.000	4000.000	4000.000	4000.000	4000.000	91.827	118.400	99.725	69.443	61.093	124.566	69.266	128.596	64.022	135.765	55.946	105.356
	4000.000	4000.000	4000.000	63.235	69.162	118.045	120.572	129.571	75.987	83.006	96.871	94.732	94.519
	4000.000	4000.000	4000.000	4000.000	55.581	62.264	58.845	143.749	109.330	83.006	61.888	93.783	122.784	60.986	93.168	127.585
	4000.000	4000.000	4000.000	126.769	142.355	116.655	135.244	69.266	78.964	75.590	93.165	123.248	86.339
	4000.000	4000.000	4000.000	91.268	95.336	65.480	112.311	128.596	61.888	78.964	71.596	127.817	111.888	140.853	125.369	142.947
	4000.000	4000.000	4000.000	143.371	79.538	65.431	51.539	87.830	94.841	71.468	64.022	96.871	93.783	93.298	91.692	148.710	125.611
	4000.000	4000.000	100.762	141.895	100.007	144.103	88.610	118.347	100.066	135.765	122.784	71.596	93.298	113.982	108.572
	4000.000	4000.000	4000.000	125.342	66.920	73.375	137.291	60.986	75.590	83.329
	4000.000	4000.000	4000.000	91.585	136.804	125.777	128.180	80.687	129.231	93.165	127.817	113.982	124.388	109.707
	4000.000	4000.000	93.870	80.241	102.429	59.917	94.038	103.068	94.732	111.888	91.692	65.156	120.600	117.530
	4000.000	4000.000	4000.000	136.774	69.940	130.502	58.606	62.095	147.106	93.168	123.248	140.853	148.710	83.329	65.156
	4000.000	102.981	55.722	147.249	125.369	108.572	124.388	116.252
	4000.000	4000.000	4000.000	98.035	72.817	65.573	78.102	116.607	127.649	55.946	127.585	86.339	142.947	125.611	109.707	120.600
	4000.000	52.471	108.857	118.560	71.953	52.668	94.256	105.356	94.519	117.530	116.252

beaml
	2.000	2.000	2.000	2.000	2.000	2.000	2.000	2.000	2.000	2.000	2.000	2.000
	2.000	2.000	2.000	2.000	2.000	2.000	2.000	2.000	2.000	2.000	2.000	2.000
	2.000	2.000	2.000	2.000	2.000	2.000	2.000	2.000	2.000	2.000
	2.000	2.000	2.000	2.000	2.000	2.000	2.000	2.000	2.000	2.000	2.000	2.000	2.000	2.000	2.000	2.000	2.000
	2.000	2.000	2.000	2.000	2.000	2.000	2.000	2.000	2.000	2.000	2.000	2.000	2.000	2.000	2.000	2.000
	2.000	2.000	2.000	2.000	2.000	2.000	2.000
	2.000	2.000	0.414	0.587	0.486	0.503	0.270	0.263	0.643	0.754	0.380	0.475	0.761	0.770
	2.000	2.000	2.000	0.338	0.214	0.649	0.229	0.717	0.392	0.353	0.324	0.311	0.215	0.562	0.473	0.245
	2.000	2.000	2.000	2.000	0.278	0.233	0.505	0.608	0.327	0.342	0.436	0.451	0.471	0.526	0.696	0.733	0.782
	2.000	2.000	2.000	2.000	0.414	0.278	0.480	0.442	0.523	0.590	0.213	0.209	0.742	0.724	0.382	0.368
	2.000	2.000	2.000	0.338	0.233	0.480	0.234	0.382	0.495	0.715	0.465	0.726	0.342	0.318	0.279
	2.000	2.000	2.000	2.000	0.587	0.214	0.505	0.442	0.497	0.467	0.429	0.565	0.457	0.457	0.643	0.453
	2.000	2.000	2.000	2.000	0.486	0.523	0.234	0.497	0.436	0.310	0.305	0.314	0.724
	2.000	2.000	2.000	0.356	0.666	0.658	0.285	0.426	0.380	0.304	0.754	0.608	0.765	0.630
	2.000	2.000	2.000	0.608	0.382	0.467	0.436	0.668	0.667	0.418	0.293	0.353	0.776	0.369	0.573
	2.000	2.000	2.000	2.000	2.000	0.503	0.327	0.495	0.356	0.380	0.342	0.240	0.208	0.520	0.496	0.425	0.798
	2.000	2.000	2.000	2.000	2.000	0.270	0.649	0.342	0.590	0.429	0.666	0.348	0.490	0.264	0.665	0.396	0.265
	2.000	2.000	2.000	0.263	0.229	0.565	0.658	0.668	0.380	0.490	0.632	0.469	0.398
	2.000	2.000	2.000	2.000	0.717	0.457	0.310	0.667	0.342	0.490	0.464	0.500	0.232	0.430	0.269	0.704
	2.000	2.000	2.000	0.643	0.392	0.715	0.285	0.348	0.370	0.305	0.377	0.386	0.376
	2.000	2.000	2.000	0.754	0.353	0.418	0.240	0.490	0.464	0.370	0.742	0.763	0.508	0.679	0.352	0.574
	2.000	2.000	2.000	0.324	0.436	0.213	0.457	0.305	0.426	0.293	0.264	0.632	0.500	0.376	0.264	0.712	0.401
	2.000	2.000	0.380	0.311	0.451	0.209	0.465	0.314	0.353	0.665	0.232	0.742	0.376	0.292	0.266
	2.000	2.000	2.000	0.471	0.742	0.643	0.208	0.430	0.305	0.781
	2.000	2.000	2.000	0.215	0.526	0.724	0.726	0.724	0.380	0.377	0.763	0.292	0.295	0.690
	2.000	2.000	0.562	0.696	0.342	0.304	0.776	0.520	0.469	0.508	0.264	0.240	0.224	0.261
	2.000	2.000	2.000	0.475	0.473	0.318	0.754	0.369	0.496	0.269	0.386	0.679	0.712	0.781	0.240
	2.000	0.761	0.382	0.608	0.352	0.266	0.295	0.260
	2.000	2.000	2.000	0.770	0.733	0.453	0.765	0.573	0.425	0.396	0.704	0.376	0.574	0.401	0.690	0.224
	2.000	0.245	0.782	0.368	0.279	0.630	0.798	0.265	0.398	0.261	0.260

fail
	F	F	F	F	F	F	F	F	F	F	F	F
	F	F	F	F	F	F	F	F	F	F	F	F
	F	F	F	F	F	F	F	F	F	F
	F	F	F	F	F	F	F	F	F	F	F	F	F	F	F	F	F
	F	F	F	F	F	F	F	F	F	F	F	F	F	F	F	F
	F	F	F	F	F	F	F
	F	F	T	T	T	T	T	T	T	F	T	F	F	F
	F	F	F	T	T	T	T	T	T	T	T	T	T	T	T	T
	F	F	F	F	T	T	T	T	T	T	T	T	T	F	T	T	T
	F	F	F	F	T	T	T	T	T	T	T	T	T	T	F	T
	F	F	F	T	T	T	T	T	T	T	T	F	T	T	T
	F	F	F	F	T	T	T	T	T	T	T	T	T	F	T	T
	F	F	F	F	T	T	T	T	T	T	T	F	T
	F	F	F	F	T	T	T	T	T	T	T	F	T	F
	F	F	F	T	T	T	T	T	T	T	T	T	T	T	T
	F	F	F	F	F	T	T	T	F	T	T	T	T	T	T	F	T
	F	F	F	F	F	T	T	T	T	T	T	T	T	T	T	T	T
	F	F	F	T	T	T	T	T	T	T	T	F	T
	F	F	F	F	T	T	T	T	T	T	T	T	T	F	T	T
	F	F	F	T	T	T	T	T	T	T	F	T	F
	F	F	F	F	T	T	T	T	T	T	T	T	T	T	F	T
	F	F	F	T	T	T	F	T	T	T	T	T	T	T	T	T	T
	F	F	T	T	T	T	T	F	T	T	T	T	T	T	T
	F	F	F	T	T	T	T	F	T	T
	F	F	F	T	F	T	F	T	T	F	T	T	T	T
	F	F	T	T	T	T	T	T	F	T	T	T	T	T
	F	F	F	F	T	T	T	T	T	T	T	T	T	T	T
	F	F	F	F	F	T	T	F
	F	F	F	F	T	T	T	T	F	T	T	F	T	T	T	T
	F	T	T	T	T	F	T	T	T	T	F
