Nodes: 30
Max Connections: 20

beami
	21	24	9	20	23	19	13
	7	10	26	29	25	23	13	28
	12	19	20	26	15	24	13
	15	16	23	24	25	10	26	13	19	9	20	18	14	27
	24	26	25	14	10	13	7
	18	29
	7	13	25	18	20	4	20	10	5	13	27	18	28	15
	1	6	16	6	27	29	24	6	9	20	23
	23	26	13	4	2	26
	0	12	15	22	24	29	29	1	15	12	16	19	20	2	22
	1	13	18	23	24	27	28	3	29	2	26	24	13	9	13	19
	21	26	1	20	26	4	21	3	23	21	14
	9	22	2	18	20	23	1	25	7	20	22	23	23	16
	8	10	18	6	19	23	3	28	11	22	4
	15	11	20	12	28	24
	3	9	14	22	16	27	18	21	5	6	14	27	16	22	7
	3	7	15	24	27	8	6	18	19	15	15	24	7	9
	24	20	24	20	25	29	4	26	20	22
	6	10	12	27	5	13	25	28	8	10	22	0	6	7
	2	4	5	27	0	7	22	3
	0	6	25	26	2	12	17	9	4	6	12	11	18	25	15	8
	0	11	27	28	3	8	27	25
	9	12	26	15	24	29	9	9	27	3	12
	8	12	27	3	10	11	18	9	24	20	8	2	21	10
	3	4	9	17	0	10	16	10	29	22	11	9	16	7	8	12	1	16	2
	3	6	20	4	18	26	6	6	12	18	24	7	14	18
	1	2	4	8	3	11	20	22	25	11	29	22	9	27	17	8
	15	18	23	10	21	28	10	7	23	23	18	26	16	18
	10	18	27	2	27	13	23	18	17	12	10	16
	9	10	1	5	23	22	0	4	17	10	21	7	15

beamk
	4000.000	4000.000	4000.000	4000.000	4000.000	4000.000	4000.000
	4000.000	4000.000	4000.000	4000.000	4000.000	4000.000	4000.000	4000.000
	4000.000	4000.000	4000.000	4000.000	4000.000	4000.000	4000.000
	4000.000	4000.000	4000.000	4000.000	4000.000	4000.000	4000.000	4000.000	4000.000	4000.000	4000.000	4000.000	4000.000	4000.000
	4000.000	4000.000	4000.000	4000.000	4000.000	4000.000	4000.000
	4000.000	4000.000
	9.188	4.480	8.486	61.717	132.540	4000.000	132.540	2.131	4000.000	4.480	8.154	10.093	67.550	4.422
	4000.000	50.067	106.003	9.188	8.601	149.846	4.071	50.067	10.492	111.772	107.327
	9.058	4.778	134.498	4000.000	4000.000	4.778
	4000.000	2.583	6.103	1.303	149.499	51.922	10.393	4000.000	101.737	2.583	8.272	141.185	10.155	4000.000	1.303
	4000.000	3.698	3.643	8.978	3.840	7.204	1.550	4000.000	61.794	4000.000	2.721	3.840	3.698	9.496	52.893	8.558
	95.188	76.924	4000.000	9.383	76.924	4000.000	95.188	4000.000	9.016	2.223	10.610
	2.583	2.325	4000.000	112.774	109.769	136.186	4000.000	10.150	4.510	9.639	2.325	1.996	136.186	2.114
	10.170	3.698	2.812	95.518	3.419	99.131	4000.000	4.683	64.340	8.067	4000.000
	74.312	10.610	9.333	10.852	3.605	1.692
	4000.000	6.103	5.045	3.423	87.361	56.497	10.558	2.670	4000.000	4.422	74.312	4.589	87.361	3.423	4.168
	4000.000	106.003	87.361	80.420	8.711	6.339	149.945	6.652	59.700	2.518	87.361	8.234	10.031	8.272
	5.537	55.909	74.160	10.192	1.490	8.950	4000.000	8.494	55.909	65.182
	10.093	3.643	6.758	1.986	4000.000	56.911	51.836	71.312	9.065	97.249	114.545	4000.000	61.717	10.764
	4000.000	4000.000	4000.000	1.660	4000.000	4.548	9.921	4000.000
	4000.000	5.831	3.043	2.971	4000.000	109.769	55.909	10.155	4000.000	5.831	109.769	9.383	3.312	138.337	4.337	6.867
	4000.000	95.188	63.912	9.110	4000.000	8.002	63.912	76.752
	1.303	2.325	3.545	50.918	1.906	3.216	69.572	1.303	9.175	4000.000	2.325
	9.058	1.996	1.703	4000.000	92.668	9.016	3.866	140.481	8.380	106.607	145.101	4000.000	80.359	8.978
	4000.000	4000.000	6.169	5.537	4000.000	92.167	80.420	92.167	54.701	1.906	5.220	149.499	80.420	4.071	4.290	1.268	4000.000	8.234	4000.000
	4000.000	8.486	3.043	4000.000	51.836	134.546	8.486	119.466	10.150	51.836	10.002	7.894	52.105	8.406
	4000.000	4000.000	4000.000	4.778	4000.000	76.924	140.961	129.144	134.546	76.924	94.733	3.545	5.766	6.814	8.494	4.778
	4.589	1.986	1.703	109.266	63.912	93.414	7.204	8.601	1.703	105.534	1.986	6.814	8.711	56.131
	1.550	71.312	93.414	4000.000	5.838	4.683	5.074	8.439	1.635	140.482	110.638	1.133
	10.393	3.306	4000.000	4000.000	8.705	3.216	4000.000	4000.000	8.950	61.794	9.147	149.846	103.437

beaml
	2.000	2.000	2.000	2.000	2.000	2.000	2.000
	2.000	2.000	2.000	2.000	2.000	2.000	2.000	2.000
	2.000	2.000	2.000	2.000	2.000	2.000	2.000
	2.000	2.000	2.000	2.000	2.000	2.000	2.000	2.000	2.000	2.000	2.000	2.000	2.000	2.000
	2.000	2.000	2.000	2.000	2.000	2.000	2.000
	2.000	2.000
	0.262	0.242	0.204	0.378	0.346	2.000	0.346	0.254	2.000	0.242	0.238	0.278	0.599	0.237
	2.000	0.304	0.664	0.262	0.201	0.229	0.271	0.304	0.216	0.295	0.791
	0.288	0.235	0.212	2.000	2.000	0.235
	2.000	0.211	0.266	0.249	0.555	0.280	0.280	2.000	0.274	0.211	0.299	0.583	0.212	2.000	0.249
	2.000	0.245	0.200	0.244	0.238	0.275	0.219	2.000	0.232	2.000	0.214	0.238	0.245	0.218	0.254	0.267
	0.429	0.488	2.000	0.225	0.488	2.000	0.429	2.000	0.213	0.263	0.285
	0.211	0.254	2.000	0.572	0.488	0.736	2.000	0.256	0.258	0.264	0.254	0.225	0.736	0.274
	0.290	0.245	0.263	0.380	0.291	0.482	2.000	0.208	0.719	0.202	2.000
	0.637	0.285	0.214	0.252	0.253	0.288
	2.000	0.266	0.232	0.246	0.513	0.270	0.268	0.240	2.000	0.237	0.637	0.259	0.513	0.246	0.208
	2.000	0.664	0.513	0.739	0.239	0.256	0.233	0.202	0.469	0.207	0.513	0.270	0.243	0.299
	0.237	0.221	0.331	0.251	0.265	0.214	2.000	0.225	0.221	0.427
	0.278	0.200	0.221	0.287	2.000	0.562	0.216	0.409	0.282	0.396	0.438	2.000	0.378	0.220
	2.000	2.000	2.000	0.285	2.000	0.291	0.205	2.000
	2.000	0.264	0.257	0.256	2.000	0.488	0.221	0.212	2.000	0.264	0.488	0.225	0.225	0.538	0.226	0.298
	2.000	0.429	0.275	0.236	2.000	0.200	0.275	0.289
	0.249	0.254	0.209	0.624	0.268	0.244	0.679	0.249	0.243	2.000	0.254
	0.288	0.225	0.296	2.000	0.331	0.213	0.293	0.498	0.204	0.372	0.625	2.000	0.755	0.244
	2.000	2.000	0.230	0.237	2.000	0.686	0.739	0.686	0.642	0.268	0.288	0.555	0.739	0.271	0.248	0.248	2.000	0.270	2.000
	2.000	0.204	0.257	2.000	0.216	0.745	0.204	0.369	0.256	0.216	0.208	0.276	0.528	0.272
	2.000	2.000	2.000	0.235	2.000	0.488	0.790	0.792	0.745	0.488	0.669	0.209	0.237	0.277	0.225	0.235
	0.259	0.287	0.296	0.240	0.275	0.336	0.275	0.201	0.296	0.493	0.287	0.277	0.239	0.783
	0.219	0.409	0.336	2.000	0.220	0.208	0.209	0.295	0.203	0.277	0.252	0.285
	0.280	0.287	2.000	2.000	0.222	0.244	2.000	2.000	0.214	0.232	0.213	0.229	0.588